618
505
520
490
586
478
517
455
467
535
254
464
418
413
527
366
447
400
485
497
508
455
212
518
535
530
524
498
536
557
467
357
414
434
424
363
469
374
459
452
554
493
482
361
413
504
513
360
588
447
506
516
414
359
487
430
487
545
520
418
411
387
494
456
479
555
503
476
477
717
473
527
453
449
492
600
612
449
572
438
477
451
563
507
487
549
410
610
446
469
521
543
534
314
474
541
402
550
568
558
493
627
558
465
439
522
301
493
512
497
402
460
484
483
552
472
541
414
448
530
400
503
455
479
503
499
480
449
490
575
533
481
499
590
501
551
518
416
558
475
446
559
472
489
563
501
560
485
529
452
427
383
506
537
438
248
396
445
459
389
489
483
410
530
513
495
582
494
418
535
461
402
506
435
468
433
558
450
456
472
421
495
376
486
532
573
514
522
485
477
576
552
481
518
382
446
474
460
448
451
540
516
499
548
296
406
425
456
386
372
473
388
438
604
414
533
457
424
463
433
484
466
389
461
493
515
392
379
510
508
455
466
434
504
470
473
465
484
412
398
478
489
428
462
425
468
260
384
412
489
446
485
538
508
454
534
432
374
523
423
526
439
594
451
550
540
520
519
487
456
433
515
484
489
496
507
551
376
550
436
415
548
429
505
492
524
529
433
454
549
643
438
525
545
400
450
478
612
590
456
558
444
454
477
409
559
534
460
501
515
576
450
473
506
339
406
418
542
490
393
375
424
464
428
480
421
516
599
387
470
387
370
452
560
393
445
467
380
473
459
526
558
404
464
427
516
429
439
415
459
454
507
440
447
411
433
486
535
381
428
483
407
486
498
476
543
629
494
505
462
489
523
532
409
392
443
550
422
429
507
475
618
356
521
576
475
464
503
409
465
354
636
501
507
554
424
465
440
571
497
525
531
496
369
557
412
425
468
460
467
512
393
484
414
507
481
430
434
513
471
531
347
450
506
481
547
492
469
407
413
437
487
458
374
423
425
412
579
491
453
443
479
454
576
492
467
531
464
469
470
404
428
509
483
401
516
501
407
569
283
118
381
445
490
358
516
553
603
515
398
462
527
469
526
509
469
478
442
437
419
466
464
376
369
457
572
393
484
463
401
507
433
463
513
492
453
479
513
542
395
451
482
533
315
460
405
554
424
536
490
398
440
427
495
455
509
515
425
456
400
484
467
587
356
536
494
436
509
490
509
342
372
436
425
456
530
442
378
463
552
497
455
452
513
668
624
381
509
465
480
502
782
406
409
359
531
435
498
449
495
517
423
544
439
452
453
499
459
499
460
313
400
414
447
485
440
444
490
335
448
475
456
425
382
460
550
495
435
455
458
710
388
466
415
475
403
639
474
440
498
379
519
613
438
342
396
434
442
448
483
403
532
427
513
568
347
518
549
379
555
450
485
488
402
398
477
468
496
437
443
499
481
516
469
517
491
517
610
421
527
494
507
565
363
495
386
489
475
424
503
491
430
458
447
482
541
476
547
550
503
468
390
491
395
386
544
378
441
503
449
445
530
446
483
576
531
405
560
396
453
473
506
437
491
518
533
450
449
409
440
523
414
462
464
409
343
395
506
420
451
462
450
441
469
481
466
491
507
458
520
613
423
417
410
477
446
441
544
484
380
438
428
550
530
562
481
448
423
420
391
503
447
412
479
631
501
434
480
415
529
483
499
437
519
455
472
384
462
453
404
458
548
476
446
465
466
427
370
515
391
455
480
440
472
502
447
408
483
440
472
436
447
479
520
433
451
569
443
550
412
450
503
436
469
421
414
473
401
351
506
474
468
533
487
478
557
385
471
424
423
520
468
468
389
523
438
496
481
354
593
436
467
530
494
584
508
385
520
403
399
440
432
417
340
375
583
496
456
428
533
427
441
495
383
458
590
468
367
458
373
480
476
358
339
496
478
488
513
473
507
533
449
411
519
452
493
512
494
441
432
473
417
373
580
386
449
492
438
381
404
400
582
544
512
480
460
477
489
399
530
482
499
425
464
505
450
391
451
582
474
451
439
527
411
422
441
496
467
513
544
414
431
562
508
382
497
425
480
490
374
374
533
428
444
436
471
413
530
457
504
523
529
409
493
530
553
514
460
553
453
488
404
525
543
383
481
436
472
570
492
371
480
545
439
441
489
520
510
514
442
398
467
473
527
553
452
503
500
633
541
461
473
469
452
516
510
339
396
454
506
434
407
507
421
397
397
440
484
585
542
505
498
510
308
493
476
417
496
471
510
467
496
470
440
446
446
434
435
455
466
394
479
442
527
526
490
590
495
496
513
527
478
352
424
394
370
421
436
431
385
506
527
330
589
495
361
442
412
475
459
425
523
492
452
493
468
492
430
511
433
586
466
421
529
317
381
444
373
517
462
516
324
525
523
469
494
543
362
503
474
463
365
440
488
548
459
482
421
454
487
452
561
414
464
457
538
392
334
393
360
420
543
387
527
473
502
492
549
427
615
524
500
490
396
446
548
418
502
414
523
482
279
439
472
428
408
401
566
562
453
390
550
651
410
447
464
505
679
449
483
507
401
356
438
599
439
457
518
519
480
488
466
430
394
425
480
446
454
403
383
474
500
427
505
529
548
467
408
467
450
480
572
462
481
506
374
488
410
427
487
425
467
579
357
525
431
481
395
301
583
530
508
448
507
500
556
438
515
402
469
447
477
580
460
513
464
573
466
526
389
393
520
516
350
387
478
482
528
456
441
521
502
373
572
410
522
498
513
488
422
444
424
482
436
395
426
483
488
403
394
415
540
436
478
504
501
504
476
474
346
413
415
475
628
540
547
469
555
528
451
428
514
439
401
471
479
468
572
508
411
463
427
494
505
495
403
478
368
438
476
512
472
435
451
473
468
373
400
481
364
425
468
434
579
500
360
492
502
394
629
523
491
532
468
437
426
428
523
542
428
508
530
414
492
514
440
386
454
461
525
434
426
484
458
560
449
520
343
408
353
509
501
519
498
505
464
443
410
436
497
485
460
419
529
439
419
495
411
510
479
375
468
606
464
540
513
508
516
493
337
430
468
423
410
445
265
490
446
453
544
450
491
562
413
450
521
557
498
340
411
417
417
492
422
450
489
343
469
423
389
424
635
470
442
525
498
443
360
478
347
472
511
432
547
468
539
398
469
484
467
424
495
417
480
462
487
621
428
521
433
583
474
468
387
518
532
471
396
468
406
494
450
354
438
519
534
444
444
457
473
542
553
497
550
447
454
419
431
495
547
458
481
499
388
388
478
392
474
504
489
459
483
434
416
503
428
461
527
569
436
394
502
415
418
405
430
604
496
447
427
460
394
443
613
509
522
379
394
336
341
478
306
521
558
574
453
459
469
479
535
472
467
480
471
312
381
325
498
646
453
508
544
368
444
505
516
476
425
492
525
436
486
415
479
433
400
508
499
377
457
491
477
452
440
442
445
489
395
616
441
567
357
500
467
510
484
429
564
430
456
296
551
447
408
411
513
449
450
522
347
437
400
515
307
402
409
515
403
357
382
484
478
486
498
404
448
467
479
359
392
502
363
670
480
552
493
437
551
317
584
500
494
530
494
465
423
564
451
454
485
422
380
411
546
379
425
467
622
420
484
430
542
524
532
385
459
462
535
431
507
420
513
379
583
467
439
466
412
506
437
404
460
542
521
443
448
363
335
313
368
434
489
487
407
411
348
437
409
554
430
221
434
414
415
475
457
370
481
525
383
472
483
466
420
471
391
362
423
572
407
412
470
353
427
480
484
614
386
398
418
442
410
477
437
432
436
497
365
712
439
440
464
423
430
487
441
483
532
415
512
497
464
535
476
501
525
399
359
529
529
440
487
451
570
467
423
428
404
462
350
474
398
506
397
399
392
392
496
464
388
388
367
473
496
435
464
370
419
443
510
427
509
633
461
408
555
561
419
450
418
405
429
390
410
478
458
528
435
392
538
500
446
325
335
408
442
436
430
470
537
426
547
344
581
415
422
391
412
343
394
576
469
367
419
515
369
365
528
376
440
477
504
414
452
462
470
331
305
364
445
492
395
397
491
441
464
499
409
513
414
542
453
467
444
484
392
480
432
489
476
628
430
440
417
522
428
440
409
354
541
461
457
482
435
473
468
478
437
504
505
459
457
482
373
570
512
412
439
425
459
476
494
548
451
375
508
546
585
452
417
420
441
397
600
457
492
444
338
423
456
455
481
420
446
490
478
411
410
416
509
532
435
456
475
400
423
525
495
518
388
354
611
438
481
512
477
452
439
487
494
471
425
374
438
544
326
398
426
426
472
444
486
467
516
452
394
371
426
519
576
483
455
437
448
411
462
432
502
356
577
340
466
437
516
427
689
429
438
368
284
499
475
497
419
452
448
510
463
492
413
504
573
496
439
470
395
353
479
462
546
417
479
454
414
429
414
462
448
613
377
375
469
407
524
603
445
553
496
437
464
526
459
513
449
455
532
445
536
428
471
439
455
550
488
463
554
497
439
504
460
542
496
505
513
444
549
425
530
513
539
535
500
472
451
498
470
481
529
546
436
342
424
406
350
499
528
465
456
386
476
391
362
47
393
470
492
472
410
416
523
449
464
461
490
448
592
563
346
526
539
465
455
457
472
526
511
426
475
506
446
557
515
464
468
531
385
336
507
419
395
410
599
609
498
475
483
551
434
455
454
526
472
508
476
521
416
483
504
486
419
441
425
519
475
430
362
541
301
399
535
392
402
468
386
514
469
498
384
550
447
411
505
486
395
457
515
480
365
499
466
466
492
457
404
467
504
579
446
446
450
471
422
305
364
423
487
367
520
537
494
510
447
552
419
513
460
367
358
518
353
428
537
341
523
483
492
414
399
500
417
473
389
440
411
401
421
436
369
475
606
538
481
459
424
454
413
548
461
517
421
513
407
542
495
512
473
391
426
437
458
401
430
485
485
445
466
378
374
348
327
455
549
452
429
430
496
459
490
491
392
333
508
400
458
417
446
432
515
550
596
393
371
532
422
556
350
323
441
436
440
495
542
430
491
462
428
499
425
451
490
362
510
504
441
384
378
355
476
385
578
512
415
422
405
353
482
511
456
461
466
438
405
357
508
420
406
478
383
431
379
389
590
487
345
476
394
459
395
345
394
501
332
423
422
478
526
456
509
395
519
398
482
406
345
317
342
531
499
507
477
421
485
549
453
519
400
371
459
460
470
501
486
418
500
444
553
371
465
385
509
492
478
405
503
517
421
466
473
575
388
449
484
481
361
460
447
415
427
583
457
414
396
346
554
483
496
498
464
445
451
433
384
497
453
444
545
527
505
554
446
525
383
502
489
466
501
450
447
548
490
390
481
512
384
391
502
468
524
409
390
497
393
496
512
415
526
545
457
392
421
429
439
503
473
521
416
448
515
492
499
471
272
489
429
301
486
354
490
423
429
443
410
560
434
447
474
463
526
525
486
480
447
449
584
451
359
507
463
465
548
434
456
390
418
536
478
416
400
343
359
554
497
262
330
448
441
519
542
447
493
550
497
467
458
474
354
508
531
483
496
452
421
339
455
442
435
520
434
454
465
304
480
444
476
461
423
445
385
349
475
406
507
442
522
454
489
631
447
403
577
473
414
389
438
428
394
472
560
441
474
488
519
401
275
431
442
408
438
408
553
441
493
473
489
398
471
460
519
425
436
425
455
451
538
558
393
425
512
480
530
445
467
492
472
480
449
438
402
470
407
440
442
494
483
506
436
374
503
420
522
403
535
344
482
410
502
418
547
427
440
525
502
470
379
409
422
406
477
428
445
409
436
438
392
547
388
436
491
487
510
459
581
423
449
327
459
440
532
302
548
509
504
471
476
448
476
461
375
433
484
447
587
362
463
366
573
471
542
403
431
459
438
464
464
371
394
414
500
421
429
447
394
470
377
532
458
400
493
509
446
461
528
502
396
500
481
448
540
506
441
504
420
466
507
385
448
461
506
446
423
482
456
490
484
464
435
504
458
456
454
387
454
399
464
501
536
454
473
445
418
476
467
509
488
399
550
452
411
449
443
423
482
283
506
496
366
395
391
369
445
526
510
524
394
461
418
404
359
493
525
455
506
431
457
385
408
495
499
463
362
423
396
562
347
438
394
406
482
432
437
463
455
434
360
338
447
481
523
449
376
453
525
581
374
375
430
430
492
502
397
471
555
487
469
549
456
411
392
403
435
448
562
503
527
422
395
489
526
463
551
501
478
531
495
421
415
357
486
435
478
409
507
500
386
437
477
482
433
359
473
388
511
742
376
535
412
544
547
524
468
488
574
534
406
502
371
473
407
445
498
479
431
384
415
482
331
480
362
551
546
485
506
453
559
449
420
404
460
563
351
493
438
522
493
498
389
407
492
544
478
493
448
423
422
379
468
403
469
441
502
388
348
524
375
382
464
271
478
498
486
425
437
464
441
476
405
454
508
377
439
365
543
484
400
400
504
502
473
439
425
456
470
388
447
526
498
386
457
408
560
503
423
376
512
514
398
380
429
475
489
552
369
421
265
442
469
401
364
387
488
537
459
470
348
443
515
494
491
517
570
478
476
512
432
397
427
586
496
471
542
357
370
446
442
409
411
362
462
418
387
517
426
464
473
439
365
476
423
473
405
409
448
394
504
439
447
448
466
448
496
453
473
395
495
514
448
443
489
534
538
493
383
487
437
388
357
332
347
494
382
298
468
443
499
451
373
387
454
546
509
594
387
553
411
557
448
441
465
583
397
516
395
480
432
480
461
347
169
391
392
435
461
510
442
432
473
403
405
457
439
485
595
400
451
382
423
507
451
446
501
455
424
425
465
302
485
379
407
474
475
464
388
478
388
453
514
378
434
481
383
414
569
532
452
417
369
368
371
369
448
532
519
484
561
535
428
512
489
518
482
391
568
509
422
440
401
534
526
486
407
405
460
468
453
471
562
483
457
421
461
395
490
415
558
440
511
465
509
408
471
400
409
418
520
484
439
483
449
444
565
595
609
502
367
633
496
461
396
391
380
445
420
359
457
507
311
470
528
470
399
380
532
308
476
446
347
477
400
469
508
484
272
437
495
480
441
444
444
435
513
370
387
452
408
492
446
406
425
428
451
481
487
430
544
432
456
286
466
436
394
437
402
530
470
530
408
504
449
394
294
437
439
605
388
475
457
562
380
541
433
488
433
720
468
477
423
462
522
326
518
432
474
446
459
341
441
395
485
463
451
365
483
426
444
483
453
358
361
386
498
467
447
393
607
593
503
424
467
354
389
428
475
474
398
464
469
555
399
472
458
420
503
513
536
515
378
543
427
474
355
364
452
446
486
461
435
416
479
442
422
394
447
451
535
482
463
531
502
478
461
495
510
425
410
489
459
434
694
530
418
476
437
409
445
510
441
387
409
476
546
597
538
431
494
418
454
516
438
390
558
444
374
497
494
394
522
465
403
461
521
561
556
478
480
453
344
400
493
492
431
425
503
445
483
481
334
422
457
496
483
439
494
461
413
665
452
463
434
391
509
420
498
447
408
445
385
463
545
352
434
474
376
529
413
471
388
466
458
554
494
453
494
371
373
481
451
358
414
477
402
470
424
482
448
481
552
435
462
307
367
496
411
487
422
443
412
556
518
397
430
500
455
384
364
433
566
526
351
537
510
391
426
623
492
444
566
508
448
424
415
407
443
434
425
399
381
460
404
346
423
506
360
421
494
484
465
435
453
437
501
457
413
363
400
422
505
507
518
448
462
373
382
430
356
471
452
493
420
517
399
345
498
542
365
501
362
436
270
431
550
391
479
509
495
537
426
547
364
479
425
378
502
383
530
563
418
413
471
391
437
527
498
446
500
433
478
428
465
399
469
505
429
488
471
439
556
502
383
387
380
324
427
543
346
427
430
459
398
453
494
395
493
467
391
415
476
567
476
322
411
437
424
400
368
503
309
450
516
545
401
491
445
487
437
404
437
465
443
490
439
417
409
490
441
468
480
491
528
425
486
451
535
540
417
475
356
387
524
437
441
407
412
454
535
497
406
377
441
513
494
522
376
446
500
520
479
453
454
541
495
436
464
463
319
418
396
404
490
497
494
362
436
480
469
481
508
414
344
434
341
485
604
400
375
410
404
470
403
342
479
462
296
588
418
430
430
407
521
457
483
525
447
318
357
504
523
459
410
531
412
529
353
369
415
523
412
452
368
473
348
438
536
521
608
431
415
441
439
562
561
417
339
385
476
392
497
403
467
401
513
423
437
484
551
501
498
398
443
501
462
468
490
442
417
520
421
389
428
467
456
610
462
522
553
472
488
364
402
408
522
451
301
512
597
532
401
376
552
389
442
447
471
448
401
452
497
429
555
422
354
399
280
481
432
428
397
509
360
491
563
442
423
378
430
497
417
483
381
453
457
479
492
511
392
386
490
487
508
474
378
478
530
360
452
458
503
384
499
534
394
519
455
402
321
480
465
370
532
461
503
509
530
526
469
456
521
464
470
500
468
478
511
387
442
531
415
402
421
415
555
476
483
369
417
373
508
427
444
502
400
430
517
428
474
546
468
431
421
375
212
378
419
431
413
502
395
471
348
418
456
554
519
331
422
476
455
513
425
505
293
400
466
496
396
438
518
474
341
466
315
410
472
444
449
378
594
424
458
416
458
479
409
551
564
463
520
466
467
479
500
394
457
417
457
311
471
533
490
394
478
438
417
320
337
395
496
454
445
656
445
398
365
521
436
460
608
358
384
472
545
432
512
493
445
469
557
416
444
460
523
401
637
391
430
494
458
439
381
473
424
406
473
373
457
411
378
453
419
345
459
447
345
405
408
492
315
383
295
498
288
508
473
552
468
432
483
431
343
430
388
454
422
450
418
487
378
423
526
522
384
509
534
519
417
491
370
444
501
393
500
406
507
530
342
425
411
402
412
390
312
509
489
437
407
481
315
420
515
430
450
439
404
407
412
639
422
494
307
343
464
473
489
394
368
471
591
692
505
301
394
476
428
500
385
440
431
412
331
435
567
464
443
353
414
460
441
349
453
417
599
491
411
485
576
467
508
485
419
342
459
484
551
500
454
440
433
463
481
550
385
403
373
506
482
478
440
405
471
472
396
481
466
388
449
508
398
590
426
429
504
312
464
387
361
490
484
403
334
479
333
511
374
453
393
305
506
493
494
507
521
449
445
507
494
494
490
433
540
519
522
329
307
392
444
433
485
389
404
503
550
523
359
381
442
488
423
464
532
386
387
432
408
481
475
398
490
471
520
513
458
443
494
394
402
410
439
583
290
303
396
333
444
436
442
522
502
383
381
402
498
410
526
424
506
462
447
546
411
448
549
498
476
412
423
534
432
440
545
524
405
462
490
317
341
458
484
440
437
264
522
449
352
393
525
467
337
509
379
572
480
430
439
485
432
412
355
385
498
542
367
384
384
409
417
464
270
418
318
429
418
413
577
450
435
385
576
428
352
485
329
648
520
457
457
361
471
428
401
412
484
498
508
471
384
481
477
484
392
410
442
425
304
392
428
490
462
451
443
475
347
447
488
489
375
376
515
410
382
413
521
448
351
515
546
488
456
378
397
350
456
399
452
442
388
409
450
458
394
535
338
420
458
330
407
392
385
282
405
444
406
398
454
443
485
409
366
371
382
449
407
405
518
544
455
457
416
332
372
456
550
448
405
383
428
422
447
484
478
377
286
341
502
465
367
461
390
417
395
341
348
501
316
436
422
352
339
414
311
346
404
396
412
348
311
450
420
405
449
514
445
460
530
478
538
387
441
514
411
531
392
603
438
455
302
318
439
457
477
392
407
387
516
429
384
543
463
533
365
442
501
339
473
429
419
558
516
393
329
455
552
368
477
435
493
598
413
414
429
527
468
377
399
441
392
416
320
421
372
410
519
527
379
537
371
409
415
436
426
455
128
381
491
298
378
372
457
372
458
464
558
329
453
518
413
294
480
569
326
487
497
419
361
535
434
419
428
353
469
457
413
458
429
458
364
296
354
387
513
381
427
370
383
407
422
514
324
480
455
534
435
325
485
402
517
512
480
394
498
540
507
429
318
368
461
390
384
393
456
306
408
483
557
381
435
408
359
437
366
445
444
396
471
438
432
508
479
483
379
437
545
434
497
432
488
309
359
290
310
438
528
450
379
519
418
428
480
452
433
437
514
385
376
430
373
492
448
325
346
366
318
441
499
372
377
375
403
255
376
336
509
475
469
512
386
439
457
484
452
425
485
484
440
409
486
433
402
377
328
408
425
449
430
483
355
472
451
394
493
502
480
431
406
328
411
501
490
360
420
346
420
425
463
402
460
477
499
492
334
207
340
279
239
534
308
404
313
448
375
396
403
405
509
395
528
384
434
427
299
330
384
456
462
431
477
442
402
486
440
315
410
462
464
568
521
474
450
391
452
458
406
420
548
386
455
378
489
340
427
369
516
361
566
449
471
360
384
561
373
473
556
448
435
299
413
458
442
558
415
409
438
534
339
402
429
442
385
368
535
519
448
380
342
362
367
460
479
401
469
406
593
453
449
468
490
346
419
433
466
402
461
442
417
415
423
411
381
421
470
478
449
416
444
479
459
482
467
481
434
438
572
492
425
418
437
461
470
350
373
381
493
399
469
440
465
455
472
304
379
460
509
308
454
530
383
439
383
427
419
454
374
424
338
413
525
316
397
523
206
309
290
522
340
477
417
482
479
495
384
416
324
425
468
509
411
474
356
452
495
475
460
357
513
312
458
448
335
428
516
423
446
409
515
436
354
422
400
388
484
348
347
472
445
371
480
432
413
492
442
447
447
612
458
354
395
459
526
428
436
391
388
439
531
404
465
475
556
378
391
536
453
360
406
424
465
469
580
491
523
394
375
410
454
444
332
443
349
372
386
380
369
502
469
432
438
560
454
407
512
413
351
378
529
378
630
433
416
514
510
442
486
387
346
481
465
503
333
525
440
486
418
354
407
403
496
541
394
485
454
387
446
492
550
468
522
556
440
392
395
381
404
494
385
464
510
336
484
312
476
492
417
357
429
391
402
499
332
422
471
405
381
476
422
472
430
485
460
600
407
417
373
471
352
390
511
417
474
429
494
439
382
436
458
428
400
418
359
499
493
400
490
359
385
467
464
437
512
348
506
349
507
325
405
423
433
550
491
441
456
462
402
355
319
428
389
398
524
520
400
467
477
414
489
335
442
395
520
540
467
312
436
382
438
415
518
450
473
548
408
447
426
377
425
354
461
482
472
324
391
335
487
517
462
408
360
363
385
426
430
435
478
306
406
430
473
493
428
480
431
328
429
486
522
407
351
469
357
264
491
355
457
450
447
335
476
398
632
333
379
356
403
406
431
419
396
321
500
368
445
449
435
408
440
410
454
402
388
398
363
508
378
369
398
469
433
349
442
244
414
430
425
420
426
356
455
327
404
392
421
497
433
372
426
419
366
419
527
366
428
452
533
502
395
383
467
422
404
408
392
438
349
473
498
396
374
509
448
448
346
458
463
433
403
368
388
401
405
551
429
522
444
505
427
467
477
337
379
419
350
391
379
592
427
449
443
507
370
435
500
451
494
539
436
517
494
579
571
383
386
454
469
394
360
415
395
398
620
486
388
472
374
395
431
438
340
426
410
477
364
442
535
424
379
509
488
411
427
495
380
342
313
474
344
411
385
450
373
353
511
404
376
310
431
520
525
290
356
475
423
382
490
418
473
407
486
450
403
457
504
397
494
427
421
399
434
429
345
378
435
458
265
403
422
404
407
337
436
436
508
503
521
374
470
413
441
489
367
424
355
430
330
572
381
386
402
358
377
376
497
345
418
330
486
404
435
422
424
468
454
583
405
462
408
418
351
404
428
369
430
410
523
372
377
421
364
448
433
523
494
398
573
342
385
380
548
352
444
418
562
375
418
549
472
395
384
487
330
356
396
379
456
388
472
459
415
362
438
467
394
457
455
423
421
462
428
337
401
505
490
484
364
379
401
399
326
494
378
443
313
602
346
483
455
475
492
410
383
393
408
450
370
455
364
472
526
358
343
381
415
361
395
372
330
343
416
327
480
514
390
538
371
295
365
408
457
443
368
282
441
404
347
480
365
466
576
426
447
405
506
597
473
311
425
477
402
342
455
377
535
450
390
368
437
512
349
513
361
399
385
325
456
519
459
450
469
339
401
443
433
386
436
446
423
554
472
379
515
459
546
426
334
430
306
397
474
378
407
508
455
404
524
437
406
499
498
373
377
510
423
525
336
390
340
136
325
264
104
442
479
417
564
436
528
400
412
481
452
380
437
527
425
334
500
421
421
383
440
415
464
401
406
479
377
463
332
414
446
460
481
338
428
466
398
557
490
413
354
307
384
485
504
391
384
463
458
391
445
281
340
393
338
369
454
534
468
502
445
546
433
346
358
495
474
369
503
394
394
453
419
449
324
392
502
422
522
464
480
371
612
555
481
443
406
368
508
488
501
402
517
616
414
415
442
394
462
526
495
458
397
429
392
319
488
400
480
372
399
426
436
476
404
423
443
388
436
450
432
432
460
468
431
436
412
363
328
305
361
421
407
432
416
466
344
437
368
402
321
370
452
435
363
382
330
495
483
407
320
475
470
618
474
411
299
525
499
398
301
422
491
505
300
443
325
436
341
451
605
438
366
453
441
317
499
452
243
393
360
319
255
358
357
404
454
395
313
393
434
451
422
365
392
390
452
432
328
402
265
419
348
371
363
462
413
433
517
401
359
415
406
464
434
368
429
535
457
527
358
409
364
353
371
321
510
491
465
328
340
426
494
465
313
503
478
493
322
395
350
428
410
390
444
543
431
385
374
447
385
435
447
474
408
376
370
354
423
548
436
315
338
436
364
373
477
286
495
474
423
321
384
454
394
367
344
523
440
417
426
415
487
396
367
456
430
355
385
672
411
507
433
402
445
419
323
488
581
403
404
384
259
390
409
363
426
368
395
412
461
266
371
472
368
462
432
457
382
530
416
362
384
407
401
428
425
371
398
422
365
417
410
478
441
375
462
400
288
468
562
435
340
327
409
450
400
362
353
494
474
392
391
483
379
318
465
360
391
350
451
359
386
707
379
444
523
478
410
436
363
407
459
452
274
419
544
408
534
470
347
419
372
448
491
536
424
527
95
532
291
412
450
418
308
426
465
272
374
592
380
499
602
337
427
485
484
459
384
439
500
344
310
433
305
382
485
374
306
359
548
416
407
546
410
354
523
480
323
450
360
500
465
409
361
512
485
523
390
491
304
525
433
419
435
342
510
351
392
377
444
392
426
297
365
427
475
442
513
435
470
415
367
412
447
509
378
463
507
525
475
507
377
492
514
343
457
394
420
331
454
342
510
493
604
371
419
351
493
400
481
376
557
368
410
384
495
395
524
312
388
414
463
447
471
384
472
399
395
468
470
455
366
394
428
363
414
454
389
363
336
335
361
486
409
375
381
411
271
447
446
466
379
363
373
340
465
412
283
351
239
342
443
387
357
471
466
354
537
471
305
468
371
417
523
445
366
474
544
354
424
398
370
434
480
471
513
503
405
316
363
448
444
357
511
374
412
481
444
396
561
535
442
303
410
411
441
318
436
306
483
458
325
480
533
281
404
398
347
441
499
421
276
402
401
375
420
327
444
465
508
547
373
464
406
474
447
423
373
487
377
337
303
405
418
343
471
374
412
413
382
408
467
420
288
314
434
358
401
310
362
341
474
384
481
424
450
541
359
492
432
512
520
458
421
376
370
488
392
499
404
496
538
394
346
319
375
467
427
448
435
387
431
297
389
389
445
539
407
318
489
401
451
397
451
432
454
366
448
392
406
350
383
236
496
412
510
468
501
459
491
469
343
368
253
52
228
446
491
382
380
576
428
321
421
402
341
412
375
477
468
294
489
393
346
404
365
497
361
462
349
570
456
346
385
349
207
111
348
336
384
375
379
446
385
412
514
460
440
423
386
447
486
471
377
483
416
395
526
423
360
380
471
391
352
345
362
482
427
519
315
427
348
513
381
324
570
428
380
439
591
338
339
302
368
401
415
379
354
495
494
405
373
280
366
486
312
326
511
437
367
435
409
347
418
294
372
378
322
431
494
377
410
356
600
432
316
342
469
478
399
585
391
423
376
457
424
373
410
458
486
241
378
343
548
391
283
338
342
367
443
357
445
443
351
480
380
440
426
396
435
485
304
452
408
452
453
451
315
349
433
326
427
443
405
434
371
467
323
349
388
446
374
375
419
545
367
334
499
346
379
418
419
451
363
384
480
465
380
403
372
519
435
459
435
449
354
367
402
401
299
354
539
447
395
486
335
460
456
392
443
364
496
473
457
332
380
387
418
474
421
605
319
391
350
496
396
391
392
346
450
440
434
466
592
332
477
536
603
449
444
423
346
340
358
393
401
417
440
387
345
266
333
391
471
487
472
383
508
408
344
356
398
337
335
373
412
501
410
493
347
363
448
261
372
378
369
369
392
441
496
374
350
416
344
422
462
402
417
337
311
367
379
397
490
418
358
319
480
379
409
305
429
436
548
315
459
362
361
446
417
370
333
379
415
439
358
538
360
336
455
433
264
534
419
374
292
556
366
428
467
356
501
327
368
388
371
384
332
310
435
374
440
430
310
326
435
262
392
407
450
374
341
493
471
477
432
447
238
307
404
505
337
298
401
335
329
536
378
279
458
535
379
443
373
411
391
372
473
383
420
423
396
455
396
423
427
451
593
338
364
393
400
507
469
415
362
349
454
372
456
368
521
435
470
420
445
358
425
356
511
342
336
426
336
389
529
369
411
459
398
398
376
447
332
423
488
376
508
499
402
389
497
426
336
455
366
288
414
536
558
528
429
298
347
380
508
321
445
545
339
361
468
313
407
355
380
462
389
469
453
327
385
344
332
295
521
371
454
416
358
335
325
254
371
467
348
436
460
359
416
472
328
286
376
445
377
324
430
372
486
536
371
527
481
423
407
379
473
329
390
282
406
418
348
556
490
568
314
422
366
476
430
423
363
359
306
334
392
448
399
258
363
518
322
398
279
445
419
271
428
409
405
407
321
307
310
389
406
428
400
400
458
464
385
381
338
501
355
336
224
470
492
463
446
386
337
374
373
401
496
534
467
308
401
463
344
439
376
444
475
341
351
368
476
423
357
370
417
366
324
378
438
387
393
385
408
376
368
538
376
313
407
434
465
555
478
369
375
348
380
414
277
392
314
383
423
397
407
295
375
414
525
259
384
531
397
369
421
520
450
426
312
456
348
435
288
381
351
390
450
334
385
361
365
453
376
438
344
362
425
334
309
436
400
383
390
444
541
406
388
499
497
344
494
415
450
522
418
381
383
474
262
457
441
383
270
391
419
390
402
340
430
466
417
281
436
363
322
443
460
350
426
324
382
292
381
343
412
434
396
413
401
390
384
361
473
356
265
514
399
477
387
479
373
548
332
373
354
412
421
502
365
272
239
266
407
383
345
319
359
354
272
491
346
343
414
451
371
399
222
240
412
444
367
408
359
448
393
407
385
373
439
499
389
371
271
431
405
515
417
385
357
421
483
525
470
300
361
391
361
431
490
312
501
388
320
445
361
411
452
485
413
327
439
428
442
358
374
465
479
467
305
391
292
423
425
336
412
415
328
292
450
372
474
390
333
547
456
507
394
466
491
461
422
418
463
435
336
508
523
383
407
296
448
369
377
431
460
426
312
321
426
435
352
454
303
311
348
342
368
497
390
294
483
417
487
332
385
322
488
317
341
392
323
488
485
441
471
330
291
427
324
337
416
401
442
434
386
294
386
339
354
449
360
412
411
272
354
425
394
367
355
376
309
458
396
373
412
430
341
411
402
606
395
478
358
426
444
378
417
427
538
316
405
490
309
399
360
446
394
284
399
428
447
315
266
424
344
399
401
425
388
349
470
428
410
511
349
485
368
491
309
386
307
481
456
289
329
292
438
370
327
284
455
374
339
316
398
363
451
407
473
418
343
317
409
348
420
501
411
465
298
454
360
432
365
446
339
319
347
477
475
377
487
227
450
386
379
316
295
323
500
349
417
455
350
345
409
341
352
356
430
332
323
430
277
411
320
401
333
512
258
517
410
340
474
280
369
356
205
360
392
306
507
427
346
320
419
432
438
410
443
503
528
481
385
375
312
343
369
326
453
432
350
633
497
382
522
415
446
364
480
380
468
293
335
398
380
441
423
394
439
417
322
359
329
376
458
329
394
640
395
440
428
522
445
422
386
373
445
551
281
388
399
507
446
443
335
356
372
428
425
371
369
325
568
385
328
478
427
434
416
505
403
339
294
497
426
330
393
421
415
359
369
361
311
350
396
424
356
307
366
439
481
426
365
477
481
387
412
318
615
372
399
495
362
299
327
272
381
466
402
297
397
340
404
393
347
344
481
365
520
319
366
346
381
539
404
350
384
473
228
418
401
353
354
387
502
255
403
362
258
419
382
322
417
333
488
493
448
469
454
346
386
453
502
422
443
400
423
374
456
425
447
398
546
425
377
364
397
362
491
359
519
386
329
331
379
436
465
334
347
418
298
389
355
263
352
298
466
445
398
400
402
343
454
367
353
390
439
396
406
362
405
462
258
422
477
388
488
440
349
412
432
366
328
367
425
306
395
447
361
468
459
388
509
353
409
434
516
337
412
290
407
465
395
404
292
422
382
531
337
274
381
456
411
287
395
406
333
373
429
484
430
358
368
441
394
346
372
429
410
466
390
490
340
348
509
460
417
498
391
363
383
366
421
431
342
549
318
372
372
357
428
503
453
514
302
405
314
325
350
296
199
485
334
419
372
467
342
385
424
398
474
294
394
287
328
438
423
475
331
396
450
337
313
525
311
559
401
475
385
407
349
308
386
373
463
397
543
338
466
310
339
283
323
436
312
340
414
426
339
471
531
453
386
443
384
344
482
309
312
356
371
305
424
422
516
498
374
289
497
469
316
497
285
343
317
462
375
408
397
260
499
413
239
309
330
361
436
329
417
407
388
366
357
430
347
445
395
371
362
326
498
460
455
373
368
435
366
388
272
362
305
414
508
468
375
323
330
401
322
337
377
610
333
446
456
334
294
343
316
412
348
410
393
392
263
501
488
338
355
451
458
410
365
452
327
420
549
412
397
439
384
427
397
410
326
412
353
258
457
514
367
400
389
320
326
577
419
424
476
478
433
488
406
335
289
408
345
320
329
360
253
314
411
338
349
400
332
307
372
358
346
382
343
316
493
357
319
325
507
373
470
338
410
378
388
387
429
419
453
376
364
281
438
383
385
449
452
396
470
423
320
428
347
332
314
300
431
342
356
409
436
295
260
423
388
442
375
491
320
387
419
380
367
374
389
352
413
293
344
338
369
403
334
460
524
466
317
477
305
475
371
432
337
261
605
441
326
285
423
414
337
373
282
559
412
372
408
374
328
491
452
397
396
339
352
395
432
385
478
335
324
260
386
475
502
430
335
355
509
329
335
314
248
276
467
471
340
372
371
282
255
356
489
391
469
505
437
336
408
388
475
431
349
384
332
527
347
377
511
361
354
213
366
294
303
438
365
581
439
454
307
304
439
332
450
354
255
436
401
266
438
419
419
257
339
503
432
311
350
447
486
260
473
262
478
351
384
376
373
373
347
309
406
393
376
353
509
397
428
364
427
285
415
411
481
258
330
398
504
436
431
252
300
293
396
303
351
343
462
383
386
350
341
305
339
417
331
387
428
278
420
365
346
380
352
436
397
380
358
417
402
380
362
351
264
367
416
384
335
415
327
383
430
427
383
426
426
460
434
451
343
349
585
387
228
462
393
544
482
420
453
359
287
402
411
293
313
306
346
372
351
386
372
395
301
302
479
386
356
397
313
468
359
384
431
504
436
439
468
346
204
416
353
457
429
268
394
450
395
307
571
332
309
420
358
364
401
330
398
388
395
421
370
472
289
377
374
508
494
448
407
420
312
292
302
486
360
385
364
370
400
304
347
289
326
349
410
491
263
423
258
355
331
385
450
512
413
243
359
381
293
357
468
328
451
423
299
272
480
419
386
382
549
403
404
239
404
468
343
318
341
341
360
352
442
424
507
506
438
382
433
430
431
322
309
493
349
323
351
312
253
368
449
283
406
368
292
434
414
275
290
494
286
288
301
492
376
384
293
352
300
308
317
375
311
333
392
397
361
398
366
336
389
295
442
403
282
386
483
353
400
408
429
407
341
303
519
371
448
308
354
238
412
287
231
356
457
374
452
437
336
329
355
475
371
386
375
491
282
296
301
375
581
391
237
349
333
286
513
307
431
415
237
463
514
345
291
302
352
337
436
373
387
290
401
352
415
429
399
338
539
305
397
327
335
311
346
285
342
353
584
342
285
327
347
389
456
325
488
409
394
420
429
396
382
429
360
306
237
350
376
469
314
238
396
375
364
419
416
377
379
273
323
176
414
313
370
491
421
352
351
274
338
458
379
445
275
385
446
335
322
259
395
419
376
559
417
347
411
376
429
342
473
461
316
313
401
296
322
347
361
460
466
370
476
356
349
375
418
316
305
413
340
305
493
309
274
390
343
270
322
396
403
339
402
383
407
451
490
325
267
343
324
339
367
324
440
368
278
395
328
413
316
400
337
381
410
264
341
363
360
326
463
327
441
365
450
405
465
516
285
310
359
408
444
396
569
335
359
411
274
440
382
341
304
304
431
343
340
375
395
389
430
312
372
354
266
414
328
455
457
331
287
380
391
438
470
485
437
492
358
348
371
316
370
367
307
402
382
410
366
415
470
293
351
391
408
241
529
368
327
480
361
420
348
352
424
421
313
392
255
314
361
439
497
352
319
422
395
257
278
289
360
398
434
310
478
368
328
509
445
307
340
473
421
308
350
372
345
375
324
398
425
327
272
290
389
443
418
468
258
259
274
510
313
386
360
369
387
375
442
285
355
445
504
360
450
438
467
341
335
328
528
353
328
420
398
327
263
358
416
422
292
349
520
350
349
332
337
249
366
285
319
324
310
390
602
439
456
456
383
281
314
330
412
401
369
375
367
423
325
376
511
423
337
414
450
450
275
258
550
277
309
415
339
323
368
249
347
359
338
330
310
366
313
394
344
407
383
357
362
423
332
309
364
412
396
370
263
355
391
341
642
508
385
481
309
360
314
398
279
437
301
404
445
344
480
409
292
326
463
457
412
311
451
335
345
272
364
355
358
285
399
192
178
490
350
302
367
498
328
276
335
226
388
464
351
510
300
277
340
356
274
312
350
394
308
370
416
338
340
435
583
183
492
343
245
313
370
331
393
399
469
371
508
363
411
386
359
365
387
320
475
341
376
382
375
315
319
391
544
423
418
293
310
379
409
421
222
513
344
390
296
371
348
245
317
338
395
387
459
283
439
374
417
353
316
435
495
347
375
301
422
380
305
233
253
287
326
371
389
401
294
398
397
554
444
442
368
366
384
406
514
477
332
491
422
303
371
494
326
323
318
402
289
382
358
404
293
322
473
414
320
436
378
273
348
323
421
356
424
399
489
417
488
432
375
366
358
471
566
358
323
384
301
445
424
386
480
407
369
252
287
397
350
504
346
501
477
463
346
442
494
375
489
309
390
340
372
235
440
515
450
324
465
364
346
424
282
365
287
371
276
432
409
387
484
423
357
265
377
287
371
395
365
390
282
423
386
263
382
493
372
362
446
544
397
380
310
432
333
424
390
412
349
300
268
353
419
355
236
335
466
416
471
327
313
343
318
359
326
512
386
316
340
368
396
272
339
354
289
414
357
419
363
417
404
416
326
350
316
402
365
350
289
312
280
473
319
324
443
256
411
261
391
326
516
441
369
358
376
383
407
358
257
404
264
344
378
328
305
279
276
291
320
243
365
385
424
378
328
381
382
280
301
305
316
300
385
342
289
350
361
339
409
370
346
336
362
383
416
189
336
448
430
363
377
334
362
304
321
348
436
488
367
373
393
339
365
347
367
172
314
254
209
405
363
398
346
328
245
326
323
394
314
431
304
212
433
406
284
334
433
451
399
440
364
408
390
342
345
352
437
327
315
296
459
593
314
355
307
305
458
353
366
364
348
311
358
448
404
485
306
421
366
387
262
492
210
465
340
340
369
407
326
459
343
359
361
506
372
305
374
400
477
457
518
257
408
380
403
516
331
302
279
353
395
411
320
374
286
323
353
405
266
297
262
335
428
336
416
341
365
378
311
244
360
327
426
431
346
290
342
273
497
333
370
360
227
368
396
306
439
410
338
306
344
308
353
344
274
265
288
445
420
564
476
257
374
311
368
422
342
285
286
315
390
389
234
410
376
335
458
426
303
307
584
467
276
539
305
459
413
403
319
337
309
279
358
392
386
283
455
337
270
322
432
372
448
310
453
369
343
248
331
421
407
363
382
443
464
341
247
353
319
414
276
347
381
306
283
338
397
358
334
342
259
252
457
427
434
269
420
275
364
398
371
269
265
331
135
198
262
242
273
368
307
240
237
358
194
419
398
360
295
363
322
458
390
404
367
387
431
398
378
437
383
425
323
458
377
442
376
318
374
333
309
350
322
383
456
361
384
429
506
294
248
397
428
307
341
357
367
347
273
317
334
228
433
334
258
393
331
207
330
224
334
359
401
316
248
273
290
428
369
335
333
344
410
401
360
383
409
520
380
387
259
432
380
448
368
381
355
398
251
278
193
333
434
340
514
382
264
374
327
416
317
401
382
344
282
301
425
346
417
329
357
300
455
457
337
400
386
437
380
232
272
350
395
257
314
443
450
283
393
391
370
358
302
308
451
376
423
427
296
314
354
284
374
368
382
384
373
337
231
335
339
301
362
377
266
421
306
304
434
461
467
467
353
434
299
389
359
473
361
349
508
315
306
325
441
388
371
239
338
383
379
279
285
277
375
312
281
409
318
239
336
338
326
328
387
352
405
403
333
426
421
213
380
474
279
392
352
323
391
394
321
349
352
361
420
354
474
286
391
261
233
212
304
308
408
414
342
371
242
319
256
350
312
344
281
239
303
343
398
366
344
474
416
345
334
289
420
229
279
382
310
336
284
311
359
243
354
338
321
406
302
430
350
393
283
393
300
439
391
339
498
317
325
399
429
347
392
414
276
282
381
311
342
447
245
429
314
344
224
459
400
467
386
288
412
313
288
307
305
389
311
425
345
488
286
330
383
367
341
224
299
397
315
391
319
405
425
309
483
350
334
328
468
549
235
394
295
405
344
397
499
383
458
396
410
294
348
519
295
323
361
200
299
266
338
360
258
434
363
307
301
299
427
324
274
205
476
306
346
358
490
430
364
307
448
428
329
419
340
397
278
387
433
211
289
407
246
443
460
405
365
293
286
280
308
310
574
320
356
493
282
345
264
269
344
345
375
412
269
276
361
302
316
496
352
322
283
324
331
443
282
255
404
320
163
373
434
360
306
287
298
299
376
313
367
301
388
329
450
420
482
418
256
289
412
339
309
511
349
498
372
357
209
313
355
342
391
377
390
389
446
321
430
391
380
328
280
336
348
314
344
403
296
375
430
367
284
207
128
380
323
465
353
383
346
334
479
468
461
279
262
353
347
224
425
246
391
354
390
257
369
368
304
291
333
378
349
391
401
310
281
291
273
364
341
421
401
280
289
360
340
232
320
213
390
294
288
303
299
329
425
316
309
396
328
221
331
307
414
415
398
294
326
296
347
479
389
304
294
447
355
221
308
334
350
501
247
413
268
273
309
474
392
394
499
307
296
409
255
348
431
408
273
447
414
238
307
443
401
362
216
311
260
255
426
423
370
266
308
259
291
445
313
339
308
268
236
296
244
465
547
428
343
244
259
426
409
319
245
295
400
310
398
335
467
342
304
413
350
295
289
341
468
544
434
400
328
315
314
285
317
380
346
230
274
310
288
435
409
338
348
269
330
355
335
278
442
325
445
414
400
339
221
242
479
298
322
348
305
339
221
356
429
222
322
272
419
344
475
287
258
327
266
363
443
448
410
430
371
303
357
287
357
307
134
174
252
332
469
269
476
407
376
297
300
316
269
251
484
433
317
418
357
243
256
267
360
299
297
437
245
246
416
478
468
238
363
387
408
370
403
255
283
301
286
402
422
250
275
333
334
328
362
339
383
198
345
334
376
294
322
263
310
359
238
347
382
300
412
401
325
343
306
309
319
248
329
238
273
388
273
318
338
375
308
226
346
292
322
412
329
122
242
451
216
335
237
165
342
343
494
293
217
354
326
297
373
407
340
311
278
315
367
234
321
284
300
348
328
356
285
316
400
343
248
410
256
306
309
279
257
434
258
306
268
330
301
217
305
407
291
348
418
261
373
254
250
226
496
303
241
367
351
308
306
387
269
350
318
401
415
368
205
353
438
358
270
294
332
373
267
288
266
322
316
306
373
434
238
369
300
264
395
463
318
353
320
228
467
200
314
341
354
431
403
294
341
290
453
280
359
209
238
353
331
187
333
330
316
221
301
285
462
349
328
346
267
382
355
255
345
258
320
251
281
391
403
361
328
219
203
265
265
382
455
277
247
204
478
259
389
297
330
468
266
371
304
293
300
342
275
344
369
429
314
296
300
343
302
338
341
341
406
378
355
329
305
395
401
210
332
312
370
384
221
293
327
301
307
333
494
379
251
332
265
335
316
376
378
395
305
425
247
476
390
321
298
510
235
411
462
390
272
285
482
255
547
286
398
432
334
337
343
211
404
343
295
183
360
378
230
305
216
290
305
369
229
313
409
393
357
384
388
304
250
423
428
372
360
304
232
269
322
216
397
306
368
271
277
325
385
345
345
365
426
388
375
347
314
251
275
368
345
305
274
283
234
432
295
351
301
363
317
287
210
364
361
360
366
266
365
331
366
241
282
369
397
198
326
318
293
101
468
327
437
293
286
464
340
324
244
360
314
241
341
317
294
264
425
169
349
320
343
243
290
254
239
277
303
385
332
275
383
367
311
234
257
357
344
353
237
299
379
491
312
423
403
311
287
223
218
355
438
403
292
487
477
306
302
338
341
231
277
258
320
372
434
261
267
422
336
412
308
245
355
228
283
206
214
300
303
336
279
266
330
297
287
427
399
413
287
315
356
370
432
345
214
398
322
394
336
284
458
417
361
442
332
309
243
256
254
477
341
371
316
397
356
241
311
245
345
348
375
330
295
201
396
428
647
322
431
313
440
365
283
308
392
294
346
408
345
277
337
337
326
269
254
393
246
251
358
186
281
280
291
407
295
308
322
293
272
418
270
349
324
427
340
462
332
210
279
268
320
443
436
348
406
278
327
327
338
417
376
348
325
280
233
301
207
206
312
395
297
290
221
309
270
222
371
371
232
518
391
248
337
221
259
411
387
233
311
253
406
511
384
206
385
235
449
414
223
403
385
405
334
234
342
364
424
283
372
416
229
323
408
508
381
420
278
397
366
336
267
340
286
340
234
312
396
416
324
289
345
269
413
326
197
300
328
311
320
282
428
415
218
387
323
362
253
412
337
396
374
389
374
458
288
306
340
286
420
295
275
298
340
302
401
368
186
362
453
281
297
342
332
296
420
338
377
271
275
236
316
486
315
399
382
204
351
265
398
264
414
381
316
242
330
297
261
349
351
350
469
304
398
342
357
307
283
414
310
377
318
280
323
343
329
291
493
229
357
311
380
374
324
411
291
476
453
390
398
76
353
296
255
388
342
365
340
282
375
372
307
331
206
305
277
222
403
335
391
274
245
384
291
240
377
324
356
344
366
306
270
476
316
324
260
285
353
448
282
288
383
374
360
325
501
356
288
269
250
219
228
318
292
365
361
520
511
315
326
508
263
274
239
284
338
420
200
225
335
216
431
443
413
334
293
307
324
399
301
208
367
456
245
315
384
296
382
215
300
345
408
278
253
262
267
418
378
513
267
362
329
408
396
314
321
280
168
352
298
317
289
288
222
442
224
400
393
347
285
403
261
459
383
270
325
397
503
292
387
384
351
184
264
324
359
271
320
299
481
319
210
315
211
240
299
174
367
243
423
477
344
311
311
341
311
288
443
374
261
270
301
341
359
217
83
266
481
578
289
381
219
281
370
330
288
296
228
467
379
270
292
317
262
267
348
357
326
334
297
351
252
501
156
367
377
481
337
458
206
414
326
298
312
365
309
293
376
319
320
403
355
207
281
281
350
339
271
322
395
409
222
210
273
363
314
259
292
298
465
305
303
271
239
373
377
528
303
358
263
406
480
371
407
265
302
283
396
406
193
163
268
369
307
334
280
362
268
259
326
393
439
409
258
440
342
349
285
402
413
320
332
510
407
233
296
285
224
225
295
363
264
404
281
241
288
229
245
326
338
363
383
255
351
356
404
206
424
373
287
283
355
345
405
310
178
348
271
313
402
342
395
276
343
535
255
289
214
351
275
332
389
308
297
315
272
297
279
277
182
347
414
346
392
405
516
309
336
504
362
435
279
331
289
279
250
306
382
272
512
382
333
239
518
448
270
351
337
239
354
314
335
343
380
323
306
184
357
252
312
333
271
331
334
253
366
247
274
367
283
435
236
415
313
269
379
251
298
329
429
389
314
210
294
291
290
306
254
308
322
373
315
419
273
351
307
408
284
516
311
415
316
382
474
339
340
340
293
390
314
286
300
268
453
236
342
345
290
431
370
318
252
253
456
270
255
360
346
361
335
308
274
294
374
284
334
291
358
346
255
319
344
313
421
332
317
464
361
367
272
369
494
290
348
317
373
366
256
356
310
387
285
283
342
244
419
360
298
256
218
283
338
469
309
243
337
410
410
350
394
304
351
303
308
264
315
444
251
263
250
338
321
342
217
308
244
303
244
215
304
246
309
426
262
263
427
337
439
330
385
350
305
452
295
372
370
316
398
362
274
238
220
401
429
399
306
345
412
310
268
285
435
521
318
310
473
300
364
290
311
348
356
285
358
357
290
302
407
277
345
452
316
395
266
388
229
356
318
353
292
369
362
250
223
363
571
360
322
517
326
299
319
301
379
271
334
348
255
326
341
292
364
373
300
311
442
295
339
377
266
204
302
181
269
211
260
424
181
276
414
343
349
228
366
283
355
442
427
253
181
229
305
262
201
339
561
357
313
328
292
243
296
272
426
387
401
388
364
310
432
476
343
286
290
330
165
273
305
287
248
261
242
381
298
280
371
378
379
364
261
411
339
325
479
343
496
377
299
342
414
231
299
429
281
313
391
352
387
516
367
394
357
273
318
265
367
352
265
329
300
308
229
212
351
343
321
378
292
298
370
419
309
307
348
359
311
309
377
335
311
273
358
350
465
312
302
470
314
214
271
330
390
416
426
311
275
236
311
391
264
428
303
327
316
307
342
225
333
399
355
247
360
361
364
303
360
397
523
240
343
428
262
342
323
261
315
260
450
225
208
425
363
277
232
337
306
529
304
272
319
292
260
300
337
264
295
333
296
489
554
355
487
368
390
331
328
325
257
373
273
388
277
263
361
375
308
296
407
383
340
341
350
285
400
405
356
439
329
394
344
292
265
291
288
489
443
357
343
292
340
444
286
291
360
322
317
343
404
436
375
360
469
213
312
427
266
439
347
443
336
361
225
319
352
293
367
318
411
480
269
276
204
460
355
371
360
336
311
412
289
263
467
434
301
256
235
296
296
274
370
425
275
372
296
234
432
243
409
277
280
314
224
326
374
298
329
386
283
381
347
262
313
513
303
347
425
250
256
316
268
387
391
421
240
198
289
286
357
328
485
486
393
362
314
404
191
267
346
420
383
303
282
505
287
410
339
293
400
259
310
419
321
368
256
333
335
364
303
322
337
292
249
438
327
372
219
426
269
439
274
462
376
252
298
239
374
381
383
357
247
273
372
263
289
256
320
384
303
248
432
286
379
350
298
354
240
465
247
251
388
213
346
340
211
314
461
350
391
297
350
421
373
468
370
289
369
272
303
400
348
473
302
392
258
324
308
316
405
357
266
468
288
363
307
251
376
325
349
302
236
515
281
307
318
255
214
353
400
307
298
331
337
473
240
315
455
281
241
252
291
363
285
484
352
196
343
242
174
309
310
334
316
230
359
297
353
297
419
240
299
228
399
241
419
335
300
292
343
242
277
420
435
271
213
341
258
426
363
390
442
295
297
292
268
423
350
395
369
369
357
326
350
266
316
430
194
296
374
399
431
322
222
346
379
299
256
327
155
283
255
343
393
388
268
215
421
385
273
317
299
435
201
312
347
303
221
304
321
395
386
269
354
371
306
484
281
332
283
257
343
314
320
433
340
338
324
351
272
404
328
243
313
326
268
319
226
370
342
283
360
328
443
291
374
380
344
344
378
285
252
310
280
389
267
376
339
333
382
238
254
132
333
270
208
287
236
281
471
193
538
358
375
267
332
311
296
453
317
379
291
394
404
284
390
346
205
321
446
388
380
257
298
263
298
405
362
265
391
260
375
359
319
364
334
285
267
329
373
307
386
321
361
437
303
362
284
362
351
330
267
350
381
391
438
237
252
412
359
270
289
340
261
332
286
395
280
302
323
334
298
197
337
167
227
308
346
318
339
261
329
322
311
267
342
394
283
485
346
379
521
355
392
326
249
227
414
229
241
340
357
259
254
256
441
256
342
178
268
435
388
299
396
315
198
340
420
455
323
197
315
232
266
474
435
430
281
317
306
390
338
253
381
375
350
228
369
362
448
297
297
309
327
494
312
331
240
494
332
332
201
244
498
279
348
288
262
276
303
308
324
414
384
238
355
351
289
323
315
314
472
343
226
401
391
419
347
411
321
306
256
351
338
517
419
301
278
463
359
403
306
377
348
405
460
335
366
282
315
318
275
346
315
328
268
378
342
332
394
256
395
352
325
368
417
276
325
313
277
299
250
349
521
336
299
489
291
325
298
404
385
341
309
284
255
274
261
418
306
425
294
303
278
381
442
323
337
505
305
288
415
184
303
313
248
304
340
223
299
281
378
358
293
309
304
330
255
404
325
156
395
428
307
267
258
335
293
185
378
322
241
392
353
260
264
371
259
397
262
390
271
405
248
279
345
455
275
252
320
519
253
308
294
289
454
416
361
220
260
256
379
296
394
487
467
384
268
332
223
411
438
339
256
282
257
280
202
231
375
342
227
391
274
417
405
308
241
383
301
287
283
245
275
362
393
267
327
457
372
545
285
283
462
508
391
316
255
242
315
287
172
348
319
420
340
194
303
363
356
510
338
291
339
274
212
299
304
357
375
361
194
307
434
262
414
329
320
370
273
330
338
389
284
420
200
321
277
248
282
301
392
458
362
311
305
308
190
378
326
511
400
236
312
336
315
291
371
233
242
247
275
366
436
260
281
324
305
325
322
473
331
347
375
374
323
327
314
316
351
341
306
319
308
227
384
290
360
305
342
368
415
410
305
336
287
470
337
474
309
327
506
427
361
261
455
268
344
219
284
382
319
478
376
254
240
545
309
284
346
362
342
332
290
378
431
259
429
240
358
516
326
309
327
328
332
324
304
314
361
332
408
429
463
390
401
336
416
285
428
318
319
222
357
434
305
326
374
351
264
399
264
381
394
463
405
415
300
258
270
309
376
277
331
301
340
308
416
385
240
366
416
241
316
381
293
282
320
379
391
359
150
356
288
280
241
289
253
333
444
272
314
340
423
327
435
247
255
296
379
396
267
207
334
482
345
403
343
431
306
210
355
367
345
338
383
319
406
281
265
426
260
313
265
454
479
361
399
279
346
295
352
261
250
270
274
322
392
526
289
448
232
349
240
268
202
343
146
252
218
290
335
263
404
386
389
280
375
318
304
354
371
505
336
261
508
367
257
272
246
382
253
248
338
303
363
430
432
386
283
311
293
342
258
359
374
199
329
281
399
