inf
inf
inf
inf
inf
inf
inf
inf
inf
inf
inf
inf
inf
inf
inf
inf
inf
inf
inf
inf
inf
inf
inf
inf
inf
inf
inf
inf
inf
inf
inf
inf
inf
inf
inf
inf
inf
inf
inf
inf
inf
inf
inf
inf
inf
inf
inf
inf
inf
inf
inf
inf
inf
inf
inf
inf
inf
inf
inf
inf
inf
inf
inf
323.5222473144531
1260.5953369140625
1144.453125
2216.843994140625
1182.1602783203125
1240.1419677734375
1133.684326171875
2124.649658203125
289.8236389160156
2319.021484375
219.47621154785156
2212.045166015625
1216.64111328125
1213.710205078125
2252.14990234375
305.4295959472656
2311.014404296875
254.71142578125
301.76416015625
2135.8740234375
1313.2435302734375
1256.9034423828125
1203.8984375
2154.01611328125
269.9223327636719
298.6978454589844
272.45086669921875
1231.772705078125
3151.16845703125
271.7531433105469
3173.0205078125
3096.14794921875
2212.70263671875
1226.9495849609375
3118.572021484375
212.920654296875
1261.3365478515625
2233.243896484375
281.09124755859375
295.4466247558594
275.6914978027344
2189.227294921875
280.0052490234375
237.27664184570312
1213.731201171875
340.74444580078125
1274.099365234375
263.68231201171875
3165.22509765625
1225.6793212890625
295.39813232421875
287.091064453125
3133.11376953125
1191.32861328125
3159.620361328125
3103.45703125
2309.181396484375
1197.7362060546875
323.74591064453125
1237.5592041015625
325.5984191894531
1266.424560546875
1260.5374755859375
1262.914306640625
1311.6484375
2171.689697265625
1303.4903564453125
4063.573974609375
229.3935546875
1376.9627685546875
4249.9375
316.53717041015625
1227.4697265625
293.6856384277344
1293.6553955078125
1273.7158203125
267.26129150390625
257.9687194824219
1213.756103515625
301.8493347167969
1301.111083984375
318.3711853027344
309.5263671875
1254.1998291015625
313.3786315917969
1199.0743408203125
296.4292907714844
4163.8134765625
2225.3359375
341.0184631347656
1250.214599609375
2129.95654296875
269.82366943359375
340.65399169921875
1244.08837890625
288.76397705078125
4172.12890625
205.85617065429688
311.0577392578125
1236.14794921875
256.0673522949219
304.8289489746094
3103.247802734375
3257.953369140625
337.37860107421875
1272.5634765625
305.0858154296875
1334.5460205078125
2238.834716796875
282.3430480957031
1318.2901611328125
414.83868408203125
1261.21923828125
1180.0263671875
1328.83251953125
2295.25634765625
1264.07275390625
2263.77490234375
1259.1307373046875
2114.8525390625
2189.99951171875
3109.791748046875
1301.1038818359375
3181.570068359375
2164.84326171875
2238.8720703125
2273.976318359375
239.33285522460938
256.25091552734375
2308.114501953125
427.9830322265625
1279.847412109375
3192.23681640625
336.9383544921875
2273.595703125
3092.7421875
4172.5517578125
2263.5751953125
237.0396270751953
2236.826171875
2223.394287109375
1274.1632080078125
2245.16162109375
302.8350524902344
2184.63720703125
2245.77783203125
2344.2470703125
1247.159912109375
3196.95947265625
3126.49267578125
287.2344055175781
2182.98974609375
2212.08984375
1336.441650390625
1316.56396484375
2300.9287109375
4075.980712890625
2192.7265625
1266.76025390625
2250.857421875
255.63449096679688
1312.1834716796875
3240.861572265625
358.5008239746094
3247.025390625
4080.409423828125
1285.1802978515625
333.6399230957031
270.3588562011719
2293.8994140625
257.4383544921875
318.77630615234375
329.8367614746094
288.3360290527344
256.8097229003906
306.23260498046875
5002.94091796875
336.27008056640625
1232.2294921875
1203.73583984375
2225.44580078125
1297.681884765625
3211.5791015625
316.2099914550781
4289.90673828125
4203.14697265625
1284.2332763671875
1236.439697265625
1235.4776611328125
1213.360107421875
2282.442626953125
237.30709838867188
2226.360107421875
1245.7508544921875
287.4742126464844
1209.7467041015625
244.3682861328125
2219.384521484375
275.58856201171875
3197.61767578125
2291.69580078125
1264.1817626953125
3257.377197265625
263.5364685058594
1329.9927978515625
4263.30419921875
1359.617919921875
318.9525146484375
1217.1671142578125
272.2626647949219
5031.8486328125
3221.28076171875
3266.355712890625
1224.013916015625
1346.521484375
2170.369873046875
5061.798828125
2275.32275390625
348.7408752441406
1140.2333984375
1203.183349609375
1240.66748046875
3255.98583984375
319.91241455078125
2241.873046875
3190.622802734375
298.4745178222656
3217.677734375
284.8427429199219
1296.328125
263.8036804199219
1187.22802734375
214.80184936523438
226.39675903320312
325.0478820800781
321.6600646972656
260.4030456542969
1253.625244140625
311.08160400390625
1259.73193359375
2279.376708984375
1265.9349365234375
2263.739501953125
1193.20458984375
2287.072265625
1366.519775390625
1236.8184814453125
1303.2747802734375
1225.953857421875
321.5342712402344
4104.56494140625
2224.03857421875
1196.6978759765625
1242.072998046875
1277.240234375
1263.9512939453125
1378.6517333984375
3172.8056640625
263.4528503417969
264.0842590332031
1164.3504638671875
2205.208984375
1315.7325439453125
1200.7242431640625
1280.3118896484375
1294.1632080078125
1216.5670166015625
3172.391845703125
3240.781005859375
2214.44970703125
287.210205078125
2332.97607421875
1281.9029541015625
2254.9658203125
291.8334045410156
2226.115234375
191.68601989746094
245.07159423828125
1269.363525390625
290.8182678222656
2279.5712890625
343.9931945800781
272.74688720703125
274.4710998535156
1204.751953125
357.88726806640625
2262.56982421875
1300.26953125
1164.130859375
309.5207824707031
271.27459716796875
1292.26025390625
2224.10791015625
262.47369384765625
1279.541748046875
3246.668701171875
1334.599365234375
292.6666259765625
1265.4957275390625
328.835693359375
4268.0439453125
250.10801696777344
1236.9935302734375
3230.71826171875
292.92510986328125
290.94256591796875
1235.0848388671875
360.30426025390625
1252.603759765625
2297.03955078125
451.19140625
2318.56884765625
2372.978759765625
3208.160888671875
352.5572814941406
348.5718688964844
1281.50390625
1237.1492919921875
3159.61474609375
1173.2064208984375
2271.335693359375
2251.13427734375
300.7019958496094
2218.701904296875
1203.5089111328125
272.5872802734375
296.2520446777344
1143.26806640625
1279.830322265625
5147.29443359375
2181.26904296875
1289.987060546875
280.84228515625
2360.829833984375
2265.903076171875
2262.94921875
2204.75927734375
1206.522705078125
290.64202880859375
338.6116027832031
306.2060852050781
1325.9403076171875
371.13885498046875
2286.7294921875
3300.33154296875
1273.10693359375
2287.81884765625
1303.4566650390625
289.29937744140625
2224.6435546875
3204.8349609375
2211.998046875
318.64776611328125
320.03680419921875
310.7825012207031
287.98974609375
274.55072021484375
2172.1630859375
2252.3154296875
262.2224426269531
1340.517822265625
336.04693603515625
349.7574462890625
1302.8763427734375
1284.0880126953125
1228.1630859375
2287.68798828125
1346.9228515625
325.33026123046875
1333.7310791015625
1284.8411865234375
345.4380187988281
1308.2440185546875
4202.818359375
1265.8551025390625
292.3712158203125
297.24603271484375
348.6880187988281
1199.9603271484375
2179.408203125
225.94384765625
2250.65234375
2245.3310546875
1304.70947265625
1208.792236328125
1280.4739990234375
286.4889831542969
1221.6241455078125
289.1783752441406
306.34735107421875
1196.518798828125
338.7248229980469
2178.6181640625
273.9231872558594
325.60614013671875
263.67669677734375
1272.18994140625
305.2903137207031
2171.158935546875
2204.411865234375
2189.68212890625
295.590576171875
2230.1962890625
6082.5390625
1279.59912109375
1208.276123046875
1219.7135009765625
344.6673278808594
2265.792236328125
2304.413330078125
1213.302734375
1207.3323974609375
347.2565002441406
4088.489990234375
4178.3388671875
310.1364440917969
301.3381652832031
1209.7547607421875
1186.9775390625
1205.191162109375
270.34686279296875
3202.38525390625
2199.206787109375
306.9291076660156
296.0107727050781
1263.436279296875
2309.13916015625
295.06048583984375
2282.229736328125
1250.1204833984375
1223.7049560546875
1172.3193359375
1234.05859375
1234.03955078125
318.98577880859375
2206.8076171875
2345.95458984375
1187.4725341796875
273.71612548828125
1302.46923828125
252.1317596435547
268.8077697753906
2226.78564453125
359.264892578125
1264.9302978515625
303.599365234375
1251.55908203125
238.84288024902344
1282.7213134765625
1225.6353759765625
367.04302978515625
262.2169494628906
1300.92138671875
281.1639709472656
2239.58740234375
225.716796875
248.55824279785156
1226.3211669921875
1296.352294921875
312.71728515625
1254.634521484375
288.7012634277344
2187.004150390625
1272.5701904296875
2246.51708984375
1304.8585205078125
255.91024780273438
1269.556396484375
3202.868896484375
1270.1356201171875
4121.79150390625
3242.831787109375
1321.66650390625
2262.14892578125
364.7301940917969
3176.221435546875
1197.1861572265625
1244.9384765625
3257.08935546875
2108.871826171875
1223.9290771484375
1222.58642578125
293.6729736328125
2220.061279296875
291.0084228515625
1215.8323974609375
2183.40185546875
2217.813232421875
3145.491943359375
1176.0867919921875
1255.5654296875
3092.334228515625
1284.237548828125
1153.484130859375
2309.51611328125
213.89437866210938
279.8835144042969
232.8007354736328
228.9340362548828
1257.2117919921875
1350.0889892578125
2213.81689453125
1243.70703125
210.6417236328125
1233.7469482421875
2241.164794921875
4083.541748046875
3171.498291015625
1147.5511474609375
1206.27490234375
1212.4652099609375
3170.6279296875
1267.56591796875
1314.916748046875
2275.423583984375
1328.9517822265625
311.9164123535156
2231.406494140625
1228.5186767578125
1361.6810302734375
1216.8209228515625
3256.47705078125
315.5534362792969
5323.11767578125
409.1009521484375
1292.2232666015625
2207.7607421875
1207.5447998046875
2202.26953125
246.11473083496094
1243.7572021484375
3165.75927734375
247.2206573486328
1209.251220703125
294.7485046386719
222.22219848632812
2216.45263671875
3171.3515625
1325.97412109375
1274.17919921875
1265.8541259765625
1229.110595703125
1257.955078125
234.2186279296875
2170.142578125
1235.778564453125
3162.585693359375
1262.527099609375
1342.358154296875
1287.74169921875
2258.472412109375
2193.37451171875
1338.93603515625
2269.214599609375
1286.903076171875
1248.724853515625
1267.01025390625
2143.749267578125
1316.1160888671875
2217.077392578125
345.251953125
1313.5316162109375
1241.4110107421875
320.74169921875
288.7522277832031
283.48565673828125
3230.525390625
297.0313720703125
237.85128784179688
1208.911376953125
3148.97998046875
2147.969482421875
1227.230224609375
1258.996337890625
1364.3074951171875
1221.978271484375
3166.368896484375
263.945556640625
255.40264892578125
1286.152587890625
315.40472412109375
1244.07373046875
1354.41845703125
335.7784118652344
1339.6717529296875
249.1785888671875
2271.3076171875
2163.523193359375
2214.74267578125
2087.76611328125
2198.078857421875
2172.81298828125
3261.03076171875
3263.88134765625
2185.44873046875
2239.058349609375
2210.265380859375
1240.9068603515625
2231.427734375
2178.639404296875
2193.3212890625
266.49017333984375
2154.766845703125
2276.18115234375
1287.631591796875
1158.8453369140625
273.63433837890625
311.9906311035156
289.6556091308594
323.45220947265625
2240.181640625
3129.92138671875
1145.845703125
2220.34912109375
1221.4539794921875
3208.415283203125
1382.5771484375
3135.22119140625
2185.5634765625
308.76910400390625
388.7131652832031
1152.744140625
1244.5908203125
1250.68408203125
1310.612548828125
3209.017333984375
2169.362548828125
2175.826171875
1214.5904541015625
299.9483947753906
1245.8646240234375
384.02655029296875
1230.203857421875
1285.1605224609375
1253.8505859375
261.8698425292969
1220.4852294921875
1167.47021484375
309.5260925292969
2137.668701171875
2235.514404296875
1172.393798828125
1197.5755615234375
2151.1767578125
1303.5203857421875
2157.160888671875
3219.245361328125
1245.624267578125
257.3701171875
2285.139892578125
222.13035583496094
2154.0205078125
4157.75146484375
1237.2965087890625
222.47657775878906
4187.6552734375
2087.8515625
1177.019775390625
285.3943786621094
206.92575073242188
290.789306640625
1260.9862060546875
1339.6405029296875
3299.464599609375
2222.598876953125
3271.8896484375
339.5532531738281
269.3360595703125
1147.1658935546875
1200.3162841796875
218.93487548828125
286.69464111328125
1196.2156982421875
1257.3265380859375
1403.825927734375
350.6270446777344
1255.226318359375
2224.7587890625
270.9142150878906
1273.5377197265625
3218.273681640625
3262.39501953125
246.97845458984375
2265.47509765625
1219.8564453125
299.4700622558594
346.47198486328125
2162.260009765625
272.641357421875
1273.666748046875
2208.815185546875
1214.600830078125
256.85882568359375
290.5145263671875
1167.7310791015625
2149.132080078125
2247.64599609375
2150.18994140625
332.2319641113281
183.19068908691406
272.021240234375
1212.772216796875
3258.34619140625
3250.397705078125
2233.546875
1230.3626708984375
1203.447265625
2194.906982421875
184.33963012695312
314.07672119140625
283.2626037597656
416.17462158203125
271.12103271484375
1227.0706787109375
1246.9298095703125
1224.2266845703125
1279.111328125
3249.89697265625
1290.49951171875
1236.1717529296875
340.92022705078125
1280.705810546875
3104.4755859375
2308.803466796875
4211.5546875
1244.1260986328125
300.9066162109375
2240.731201171875
2141.722412109375
321.1282653808594
1333.4903564453125
2184.360595703125
3245.89306640625
1254.7708740234375
1310.182373046875
1203.7156982421875
4111.03857421875
1276.4212646484375
2149.489501953125
2106.375244140625
4227.31689453125
1327.561279296875
276.8424072265625
4257.484375
1169.09619140625
2200.869384765625
1276.959716796875
1225.6644287109375
1184.17236328125
2119.33740234375
268.97723388671875
223.9688262939453
1265.4176025390625
309.9429626464844
351.38165283203125
2141.73095703125
5208.50341796875
2223.09326171875
2347.45361328125
1290.437744140625
1260.96337890625
2258.391357421875
1245.337890625
2238.609619140625
229.51290893554688
2288.68359375
2196.358642578125
1171.3524169921875
301.0256042480469
194.83193969726562
2314.099609375
3192.33447265625
271.1110534667969
2303.852783203125
1270.7125244140625
1320.7611083984375
1274.0872802734375
277.2086486816406
226.91159057617188
1235.189208984375
2160.518310546875
1278.32421875
1300.1429443359375
1318.031005859375
2209.1162109375
2243.43115234375
291.9268798828125
4252.9599609375
2317.168701171875
1259.11865234375
1168.306396484375
1221.0606689453125
1295.140380859375
306.367431640625
232.14842224121094
246.48934936523438
1244.3250732421875
2260.261962890625
2192.901123046875
268.0971984863281
2245.7548828125
3272.318115234375
2234.63818359375
251.4810333251953
247.216064453125
1275.890625
3176.231201171875
3172.620361328125
306.2677001953125
2120.19287109375
1249.4404296875
208.27655029296875
1202.7481689453125
3291.01806640625
2244.391357421875
241.731689453125
1208.974853515625
2239.11328125
297.66961669921875
269.7458801269531
1208.8544921875
1255.7877197265625
3162.58203125
2180.677490234375
241.0645751953125
1251.9161376953125
4210.67578125
385.85076904296875
229.8862762451172
2192.704833984375
2174.12744140625
300.4967041015625
2238.452880859375
210.5000762939453
1220.88134765625
2249.753173828125
3170.7392578125
290.52294921875
2209.156982421875
2291.94677734375
273.50494384765625
1386.8428955078125
357.504150390625
2281.048583984375
346.4052734375
1250.748046875
4300.38037109375
3214.79541015625
334.26153564453125
1234.5078125
2185.413818359375
322.9329528808594
1337.3271484375
2206.978759765625
1294.758056640625
1196.8525390625
1205.1826171875
2253.524658203125
308.4906921386719
3118.971435546875
3155.622802734375
1250.8629150390625
291.7225036621094
2177.961181640625
2230.8857421875
1218.4395751953125
1194.7855224609375
1235.9010009765625
1233.442626953125
1279.45556640625
1238.1795654296875
3106.20703125
1282.139892578125
253.40386962890625
2172.437255859375
282.4656677246094
346.56640625
1207.5235595703125
2132.964599609375
1146.1021728515625
1326.822998046875
2211.173828125
379.4896545410156
1259.867919921875
1202.4044189453125
1262.1717529296875
292.03985595703125
309.83819580078125
239.991455078125
1241.3865966796875
229.45437622070312
306.80377197265625
249.4747772216797
1221.558837890625
1295.3431396484375
281.482666015625
1236.87890625
1194.4107666015625
1267.875244140625
216.39077758789062
1230.408203125
1333.65185546875
1218.707275390625
1160.34228515625
364.6029052734375
2186.752685546875
2184.69873046875
263.7662353515625
2295.87841796875
1291.379150390625
337.02227783203125
1262.31298828125
1301.90185546875
1310.8990478515625
3155.7900390625
2339.63525390625
282.4851379394531
2164.417724609375
2221.97705078125
1224.86572265625
261.4991455078125
1289.18408203125
1286.182861328125
1374.14794921875
1279.7364501953125
288.097412109375
301.4618225097656
1254.0294189453125
1178.2642822265625
2212.5
326.5162353515625
262.0821838378906
1219.9786376953125
287.25274658203125
261.18438720703125
4096.01025390625
1240.2252197265625
2180.3681640625
2268.384521484375
205.54705810546875
1177.1304931640625
1214.6005859375
1218.2215576171875
1172.3812255859375
2149.5341796875
241.55401611328125
2228.45849609375
291.28961181640625
1284.588134765625
248.6222686767578
243.5228729248047
3219.149658203125
2143.655029296875
1242.2205810546875
1315.1885986328125
1293.5819091796875
2182.964111328125
3305.122802734375
1257.554443359375
268.98638916015625
1248.1431884765625
290.196533203125
3169.9462890625
294.9297180175781
1299.2474365234375
248.10433959960938
2206.339599609375
1192.6207275390625
1297.5953369140625
1250.71728515625
1197.4593505859375
1198.0362548828125
1289.2562255859375
2158.59130859375
1176.283935546875
3134.012939453125
288.7226257324219
246.30929565429688
1229.6605224609375
1252.4490966796875
2217.774658203125
1281.3109130859375
279.9320373535156
1229.0093994140625
1241.1407470703125
232.11337280273438
5090.14990234375
1258.6119384765625
219.41537475585938
202.63345336914062
1335.486328125
2323.300537109375
1289.09521484375
371.3096618652344
295.06719970703125
1221.3607177734375
347.45123291015625
2308.1982421875
4105.662109375
1287.1744384765625
3247.52734375
2270.462158203125
3190.579833984375
2207.4423828125
1290.5020751953125
3139.9404296875
2200.986572265625
268.30023193359375
1274.478759765625
2290.89111328125
1227.2142333984375
3167.266845703125
297.81591796875
2374.203857421875
269.8410949707031
3122.856689453125
1262.59375
297.06878662109375
5207.55859375
298.19354248046875
2213.72705078125
3258.645751953125
281.710693359375
2308.363037109375
324.4541931152344
350.80218505859375
1328.0811767578125
223.24868774414062
254.9304962158203
2297.462646484375
279.2868347167969
1285.19091796875
299.29132080078125
4160.8720703125
1318.817626953125
1229.7291259765625
1255.36279296875
1169.577392578125
315.62847900390625
4175.2255859375
290.411865234375
1301.3428955078125
1356.5267333984375
1284.8033447265625
1242.68310546875
2309.1875
3131.07763671875
3193.49951171875
2265.197021484375
4243.9658203125
4222.14501953125
271.872802734375
1325.2332763671875
1335.3387451171875
323.3443908691406
2252.2255859375
2259.61328125
2154.055908203125
254.47146606445312
3258.552001953125
2220.712158203125
363.5306091308594
1316.847900390625
3225.02880859375
2319.40283203125
285.59466552734375
1263.86083984375
1224.5567626953125
311.9878845214844
2233.88916015625
1257.045654296875
5190.5068359375
1258.6180419921875
2215.06787109375
239.97787475585938
304.96551513671875
2329.97119140625
312.34368896484375
368.0955505371094
1262.3953857421875
2276.1123046875
1232.40283203125
1360.8529052734375
361.34033203125
252.8685302734375
256.6719665527344
2235.98291015625
397.5201721191406
2162.49755859375
1239.398681640625
1263.5675048828125
2238.0458984375
3280.96142578125
1255.82666015625
1275.7510986328125
1224.7099609375
1306.379150390625
383.2286376953125
2231.663818359375
1166.844482421875
248.3289031982422
322.3493347167969
2223.8876953125
1256.2698974609375
1220.1392822265625
3075.6220703125
2233.7041015625
1328.9576416015625
5193.634765625
1191.2119140625
3177.170654296875
1209.895263671875
1228.9703369140625
321.5011291503906
2318.741455078125
1168.88818359375
1216.1962890625
307.4750061035156
308.1542663574219
2237.23193359375
1220.529296875
283.6197509765625
2294.989501953125
1214.236083984375
1153.27880859375
2214.902099609375
2262.903564453125
1220.9398193359375
297.07379150390625
1228.6590576171875
1249.685791015625
302.10205078125
2182.317138671875
4292.5302734375
1239.980712890625
2332.724853515625
248.29750061035156
1276.3734130859375
1314.4891357421875
2349.46875
1335.5438232421875
3177.461181640625
1257.340087890625
5188.61767578125
3196.6064453125
256.8162841796875
1276.286376953125
1266.981201171875
2350.78271484375
1271.763916015625
2304.25732421875
1178.1676025390625
272.4482727050781
2201.16845703125
1244.923583984375
2269.82666015625
3174.009765625
2154.709716796875
304.03314208984375
294.0916442871094
1268.8216552734375
2102.939697265625
3190.3388671875
1182.8363037109375
281.7619934082031
2328.08154296875
1207.28515625
1319.4072265625
2285.6640625
1201.20263671875
1275.3250732421875
1310.232177734375
1234.675537109375
1268.499755859375
275.4041442871094
2248.32568359375
3089.59423828125
2244.312255859375
1234.82568359375
1323.2548828125
230.25897216796875
2205.703125
219.50814819335938
234.66693115234375
1198.4307861328125
1228.6650390625
265.2711181640625
3211.4052734375
332.6842346191406
3137.862060546875
2219.497802734375
313.6448974609375
2284.38671875
2235.89697265625
3167.005859375
1230.6282958984375
289.8085632324219
4127.0791015625
2194.389404296875
1138.874267578125
290.03314208984375
2271.989990234375
1188.53662109375
2170.778076171875
258.0933837890625
2199.69873046875
188.69296264648438
1373.611328125
2147.10595703125
2203.9990234375
1214.0128173828125
234.59915161132812
2102.90087890625
229.425537109375
237.9733123779297
1167.5843505859375
2221.41259765625
354.4060363769531
1189.488037109375
253.7958984375
5026.36865234375
2167.76416015625
269.4290466308594
327.2303161621094
1240.4442138671875
1257.3331298828125
296.8447570800781
197.95919799804688
2240.60888671875
1269.5517578125
300.01519775390625
1260.3614501953125
2320.07080078125
255.6327362060547
300.2850036621094
1271.51513671875
284.01300048828125
260.27392578125
1269.7353515625
1255.333984375
4103.70458984375
260.12237548828125
1224.0179443359375
1231.53955078125
1327.3094482421875
267.1031799316406
1182.7362060546875
2208.012939453125
211.38864135742188
1180.38916015625
1205.5601806640625
269.63140869140625
2189.020751953125
2265.779541015625
408.1033630371094
279.2071533203125
280.9093933105469
315.3897705078125
3233.501220703125
1167.509765625
1280.947509765625
2191.52880859375
293.6424255371094
2264.93212890625
1311.8951416015625
279.096923828125
1277.59716796875
262.1239929199219
1229.695068359375
1156.4466552734375
1154.2904052734375
3178.599365234375
2171.7763671875
2235.817626953125
305.95751953125
233.3957061767578
292.06524658203125
232.86790466308594
1246.79443359375
1199.4820556640625
2212.698486328125
3191.396240234375
252.7293243408203
1191.9927978515625
302.2729187011719
1248.2742919921875
408.78143310546875
3215.916259765625
1210.426025390625
1231.0174560546875
1268.967529296875
391.83734130859375
2197.84423828125
1199.728271484375
257.18792724609375
1217.504150390625
1318.491943359375
1257.5101318359375
184.44265747070312
2289.516845703125
298.1208801269531
1257.716796875
1296.572509765625
3151.65966796875
1239.685546875
256.8313293457031
2182.87890625
271.8950500488281
1297.4022216796875
241.4087371826172
2181.28369140625
330.5177001953125
234.33554077148438
304.0032958984375
1287.5977783203125
262.26629638671875
278.9908142089844
221.98818969726562
2102.92578125
2207.5478515625
279.48590087890625
268.68896484375
301.9962463378906
2251.094482421875
206.54579162597656
192.45645141601562
3134.1396484375
244.63165283203125
334.0370178222656
319.57269287109375
292.840087890625
1193.5726318359375
1288.1912841796875
312.6686096191406
1264.4471435546875
1299.1573486328125
3202.5
2228.85693359375
1217.0958251953125
2215.755126953125
1254.82470703125
393.6401062011719
331.75006103515625
2286.781005859375
2300.477783203125
1249.5794677734375
1191.8642578125
1183.6932373046875
3164.37744140625
1250.5648193359375
1282.2916259765625
1282.321533203125
2226.911376953125
283.6319580078125
3135.974609375
1220.1533203125
249.32623291015625
1202.386474609375
4130.7099609375
339.5166015625
1384.0948486328125
1252.48095703125
2176.518310546875
1290.91552734375
2259.79345703125
1241.1041259765625
2294.98583984375
2316.012451171875
1203.33447265625
328.85931396484375
2212.229248046875
2360.44873046875
188.06033325195312
1192.3875732421875
1267.9873046875
1153.9974365234375
321.0915222167969
368.1517639160156
1299.422119140625
325.8120422363281
1314.697265625
1281.702880859375
276.32940673828125
3106.609619140625
1202.841064453125
1307.252685546875
1273.0799560546875
2175.958984375
289.659423828125
1244.0887451171875
281.368408203125
1153.87451171875
327.86773681640625
1268.2869873046875
6160.7021484375
291.5054016113281
321.9275817871094
2284.84521484375
3269.678466796875
230.3907012939453
268.5412292480469
3245.181396484375
237.09320068359375
2221.615966796875
2316.78271484375
1240.012939453125
2316.83935546875
273.1341857910156
1273.9796142578125
1261.265869140625
2257.739013671875
213.4204864501953
295.88116455078125
1244.9017333984375
2210.27734375
1308.8404541015625
1328.11083984375
1243.4178466796875
3257.964599609375
245.6192169189453
312.32177734375
1279.3680419921875
226.61492919921875
3205.544677734375
2225.26513671875
1232.4296875
335.86029052734375
1318.08447265625
1276.8499755859375
3097.193115234375
1244.5152587890625
2351.2861328125
316.2135925292969
352.0762634277344
312.644775390625
2230.04638671875
1220.9678955078125
261.6922912597656
277.7406311035156
260.52630615234375
344.08770751953125
268.3454284667969
1276.7493896484375
1229.2991943359375
6226.32421875
1309.82861328125
2196.169677734375
2308.767333984375
234.9557342529297
2173.591796875
3164.2587890625
298.3446044921875
3167.200439453125
269.9753112792969
1352.49755859375
2237.25830078125
1242.526123046875
1311.462890625
1354.3699951171875
249.95339965820312
1281.6585693359375
265.1089172363281
314.2660827636719
1384.1912841796875
1320.15380859375
2330.78125
4126.69384765625
4185.19970703125
314.1286926269531
246.09397888183594
1247.157958984375
315.53131103515625
2189.90966796875
1296.6302490234375
1315.64794921875
4174.98388671875
1221.07177734375
2236.89990234375
1218.8480224609375
333.1886291503906
242.052490234375
1284.614990234375
3135.94970703125
1264.623779296875
3213.08154296875
2254.396484375
375.4952392578125
3290.8095703125
2306.77197265625
236.131591796875
2166.403076171875
277.336181640625
2225.052978515625
357.4671630859375
304.5166320800781
1274.1689453125
337.44305419921875
1361.1307373046875
296.9822082519531
1260.0201416015625
292.7311096191406
1258.0589599609375
1327.14501953125
1266.8983154296875
320.00494384765625
1179.3289794921875
3163.7763671875
1282.2841796875
1251.32861328125
340.40966796875
2328.3203125
329.5177917480469
235.79505920410156
309.3717346191406
1192.6407470703125
1207.16162109375
1276.0419921875
2171.2470703125
269.198486328125
1200.529296875
2152.31201171875
1197.931640625
2206.70361328125
1230.4482421875
1207.6602783203125
251.9113311767578
1252.178955078125
317.0130615234375
1246.4578857421875
329.4771728515625
1200.9405517578125
2230.531982421875
1279.9677734375
1270.405517578125
2275.093505859375
258.654052734375
3263.704833984375
1259.5751953125
250.47349548339844
2190.249755859375
1237.7486572265625
299.80517578125
232.3172607421875
307.0684814453125
1261.9300537109375
237.22256469726562
2216.43798828125
3228.908935546875
255.71141052246094
1162.878662109375
225.837158203125
282.2855224609375
1160.3216552734375
311.362060546875
3126.1552734375
269.9373779296875
2328.56005859375
1218.5150146484375
306.7701110839844
262.73211669921875
3219.42138671875
1189.26171875
250.2899169921875
337.1646423339844
3217.01318359375
316.21221923828125
2181.70361328125
304.6437072753906
4133.76220703125
1262.7542724609375
254.84866333007812
1227.277099609375
1432.4261474609375
1270.5772705078125
345.0111389160156
271.7936096191406
1242.7269287109375
338.2557373046875
1286.227294921875
367.1954345703125
1309.1436767578125
1256.4326171875
260.0455322265625
2189.593994140625
2167.300048828125
253.70663452148438
4134.974609375
2202.92626953125
1237.80908203125
230.9801025390625
2240.66064453125
393.75579833984375
3131.96484375
356.938720703125
269.2701721191406
3136.153076171875
290.62969970703125
314.06683349609375
268.6952819824219
2212.435791015625
309.2888488769531
3252.919921875
1295.46875
323.42938232421875
283.5963439941406
2216.52099609375
1214.6044921875
2233.774658203125
1228.163330078125
1200.051513671875
1259.3521728515625
2181.10302734375
1298.238525390625
286.80206298828125
3158.239013671875
1149.46142578125
1250.3961181640625
3162.903564453125
262.9709777832031
2209.830078125
314.8472900390625
4203.41162109375
1241.262451171875
1278.0736083984375
1219.0545654296875
3028.7822265625
1323.23486328125
1247.0584716796875
2298.13330078125
1274.014892578125
206.84707641601562
1226.5037841796875
284.3111572265625
298.9380798339844
3195.078125
1169.5184326171875
192.77452087402344
1276.902099609375
202.01492309570312
286.7856750488281
292.2828674316406
3199.848388671875
1307.114013671875
266.4343566894531
1224.9818115234375
266.4871826171875
1284.5167236328125
344.7056579589844
1204.18603515625
1230.7431640625
1223.473388671875
1198.1102294921875
3247.95263671875
1203.2071533203125
2184.3017578125
330.95623779296875
253.9394989013672
2172.1474609375
1229.714599609375
372.0884094238281
1214.147216796875
2211.5634765625
335.7652587890625
266.6816711425781
1231.3792724609375
1311.68896484375
1194.6243896484375
2228.52783203125
1278.1551513671875
2255.83544921875
1349.7821044921875
1270.4571533203125
1231.235595703125
3098.91162109375
265.8444519042969
2243.249267578125
2259.921875
2327.06298828125
1284.029541015625
1156.8504638671875
269.4580078125
1263.7474365234375
3179.910400390625
2207.870849609375
340.1450500488281
244.62869262695312
2243.974853515625
1238.2130126953125
291.4372863769531
5096.79931640625
289.3825988769531
1286.019287109375
4215.7939453125
324.1318054199219
2269.7099609375
3232.916259765625
2192.377685546875
2204.220458984375
3234.339111328125
1320.42626953125
272.4449768066406
250.6514434814453
2251.599365234375
1199.02685546875
2288.84130859375
366.4940490722656
1260.4344482421875
1332.5977783203125
283.93170166015625
1271.95166015625
1244.90576171875
1252.9068603515625
1246.7059326171875
1303.57568359375
1187.81298828125
1326.9505615234375
3201.779296875
1306.1956787109375
298.9447937011719
1253.654541015625
1204.2120361328125
1345.273193359375
2255.2294921875
2189.928955078125
2249.998291015625
271.1544494628906
1314.1708984375
1303.73828125
1210.200927734375
2221.757080078125
1320.2047119140625
2200.36083984375
2199.05810546875
332.4261474609375
241.75498962402344
345.1912536621094
1221.2392578125
4069.00244140625
257.7677307128906
1208.916748046875
323.52008056640625
3219.1181640625
3213.86181640625
263.4979248046875
1221.9039306640625
3203.223876953125
376.84039306640625
1315.031494140625
311.2915954589844
3178.71044921875
314.5478820800781
347.83966064453125
1287.6585693359375
246.268310546875
262.38037109375
1230.411376953125
1237.548583984375
274.6904296875
1262.0291748046875
2322.704833984375
2365.5390625
266.83905029296875
1204.034423828125
2187.429443359375
306.55877685546875
282.6585693359375
1259.8463134765625
360.4903869628906
2282.15673828125
1340.0380859375
1302.51513671875
4181.6611328125
1318.9798583984375
1261.6357421875
2187.668212890625
295.60888671875
2266.18115234375
1368.26123046875
1247.737060546875
334.55718994140625
284.251220703125
1312.2056884765625
1326.5665283203125
1267.5247802734375
8053.94482421875
266.0222473144531
285.5970458984375
333.2046813964844
1320.91357421875
1296.2593994140625
326.7304992675781
2224.339111328125
2205.1376953125
1269.7257080078125
293.8492431640625
3193.010498046875
1259.7406005859375
411.620361328125
3231.677978515625
289.33502197265625
2316.821044921875
346.66778564453125
3211.4345703125
2282.42041015625
3246.5986328125
1240.8125
2227.44677734375
2206.69775390625
1325.4149169921875
1288.8857421875
351.5874328613281
2259.74169921875
1226.8206787109375
1266.6424560546875
1261.279296875
245.7648468017578
1248.01171875
242.5698699951172
1254.0830078125
2242.77978515625
2313.963623046875
4218.65625
1208.7928466796875
264.6669921875
3234.246826171875
324.1968078613281
303.58123779296875
2246.93603515625
2219.3056640625
1328.1629638671875
1262.3909912109375
255.37020874023438
2180.869873046875
272.62823486328125
248.40740966796875
1227.5037841796875
1269.6170654296875
2258.456298828125
2170.408447265625
223.86184692382812
4137.3037109375
333.8953857421875
1287.585693359375
1210.6357421875
316.2590637207031
1229.8878173828125
2194.314697265625
294.31201171875
2204.55224609375
2243.608642578125
2181.74755859375
4247.82763671875
2179.46435546875
303.2926330566406
306.72406005859375
302.919189453125
278.6772155761719
1248.1187744140625
1214.50146484375
1257.0665283203125
272.1076354980469
241.386962890625
263.1700134277344
3118.100830078125
335.3040466308594
3124.99462890625
371.34661865234375
296.0655822753906
1318.614013671875
1231.2965087890625
337.5606384277344
316.15509033203125
3196.541015625
1312.291259765625
1306.0146484375
3238.625732421875
1272.3160400390625
252.68980407714844
258.3714904785156
1222.88818359375
1208.513916015625
248.6697998046875
1233.57763671875
1251.2100830078125
218.01910400390625
237.60757446289062
289.52880859375
1208.51123046875
1209.2607421875
3180.659423828125
3117.8271484375
297.4140930175781
1233.7353515625
243.11924743652344
278.2697448730469
1238.2596435546875
1164.814208984375
1213.290771484375
2134.157470703125
2211.390625
2215.47021484375
245.66868591308594
2229.14404296875
3162.093994140625
231.46566772460938
216.63180541992188
2120.64697265625
1184.4473876953125
1255.1357421875
3203.8427734375
3232.50537109375
210.68228149414062
1174.06884765625
1223.952392578125
259.4632263183594
1287.2059326171875
252.97189331054688
1240.092529296875
2209.438232421875
2244.1083984375
2240.89306640625
2113.644287109375
2217.70458984375
281.6872253417969
3195.604248046875
3133.1318359375
239.91781616210938
229.47413635253906
252.55850219726562
1228.4786376953125
217.47613525390625
1316.9476318359375
2258.0341796875
1254.7789306640625
1321.0545654296875
4077.87744140625
194.56402587890625
243.70245361328125
3174.1689453125
1255.78857421875
3204.085693359375
277.4888916015625
1250.4378662109375
1314.4190673828125
224.3805389404297
242.222412109375
383.0994873046875
1142.134521484375
255.8354949951172
290.13616943359375
1328.1158447265625
1362.7027587890625
1274.941162109375
2162.99169921875
1207.418701171875
276.0552062988281
267.96551513671875
3087.1298828125
3143.022216796875
1309.5491943359375
1254.0269775390625
2277.870361328125
239.3669891357422
385.6765441894531
2156.87158203125
1240.46142578125
4197.97802734375
339.22418212890625
1158.479248046875
289.3052673339844
287.84521484375
4212.86279296875
1225.1435546875
1210.1507568359375
297.1044921875
2260.700927734375
1269.869384765625
1225.932373046875
2146.3369140625
378.190673828125
392.1662902832031
1211.7305908203125
2300.109130859375
3393.896484375
384.185302734375
1288.797119140625
1317.6568603515625
325.8315124511719
248.2699432373047
1307.7801513671875
1258.9913330078125
1182.299560546875
1238.704833984375
2072.96435546875
1311.151611328125
309.84173583984375
317.7102966308594
297.5773620605469
1214.5281982421875
2177.185546875
275.2333068847656
354.55364990234375
2144.230712890625
288.2806396484375
2163.0009765625
1282.6636962890625
3268.01904296875
2241.564208984375
1316.5203857421875
228.24534606933594
349.7433776855469
301.97113037109375
1248.638427734375
1348.0252685546875
2236.109619140625
1208.155517578125
5202.501953125
1286.2567138671875
1247.34521484375
3340.878662109375
276.0491943359375
2268.99072265625
1255.0257568359375
2159.266357421875
2204.31787109375
2348.0126953125
2233.778076171875
2398.47998046875
2194.444580078125
303.5511474609375
1224.3736572265625
1379.1717529296875
3211.916015625
1343.0345458984375
1257.039794921875
1141.3787841796875
3213.900634765625
3295.050048828125
3206.299072265625
1342.7703857421875
1259.397705078125
1282.8507080078125
2263.56005859375
1251.2923583984375
283.60455322265625
2231.245849609375
1327.2750244140625
248.34994506835938
287.4662780761719
2266.781494140625
1242.752685546875
1249.5654296875
1249.947021484375
1196.9129638671875
2118.944580078125
1226.6866455078125
2280.14404296875
2235.5625
2210.348876953125
2232.9111328125
309.8247375488281
2252.043701171875
183.86782836914062
1188.254150390625
2327.177001953125
280.48284912109375
2216.023681640625
2187.5986328125
266.0060729980469
2278.449462890625
2255.41943359375
400.2920227050781
354.32403564453125
1266.3822021484375
1168.3912353515625
348.5887145996094
2306.91015625
1334.6181640625
2188.27685546875
2154.681884765625
285.3170166015625
4060.393798828125
305.0518798828125
221.9771270751953
277.8333740234375
2255.542236328125
251.57737731933594
1345.9632568359375
2249.68212890625
2221.768310546875
1187.6351318359375
2154.670166015625
303.76727294921875
1287.233154296875
1293.8485107421875
2218.6630859375
264.4907531738281
322.91748046875
2201.5302734375
1278.2344970703125
258.8940124511719
2209.695556640625
3215.59228515625
1352.0379638671875
1360.386474609375
1330.11474609375
1278.4376220703125
2228.19482421875
420.79583740234375
1273.7109375
3179.38134765625
1276.546630859375
2288.36767578125
308.4095458984375
2194.09228515625
1325.9453125
332.2894592285156
2149.569580078125
1236.09814453125
1220.7208251953125
354.69696044921875
1265.4342041015625
258.544189453125
275.9043884277344
330.62237548828125
2308.041748046875
3157.525390625
318.15765380859375
2280.367431640625
3184.98095703125
1266.06982421875
1170.30810546875
249.7110595703125
321.16217041015625
251.28286743164062
280.3771667480469
1234.476806640625
291.2572021484375
1316.01904296875
283.75274658203125
2295.974853515625
3231.3349609375
1300.992919921875
1332.8555908203125
1286.32080078125
3180.453369140625
1311.410400390625
1243.0491943359375
1225.7957763671875
2247.701171875
291.567138671875
2164.0771484375
1277.4632568359375
2243.655517578125
2168.5888671875
233.5667266845703
3251.46435546875
258.27764892578125
1204.7451171875
3146.62744140625
1180.506591796875
2197.7236328125
1257.6834716796875
1300.6158447265625
2226.420166015625
1194.859619140625
1286.6209716796875
1301.5872802734375
1300.939697265625
1300.2313232421875
1275.9884033203125
231.74502563476562
3224.3544921875
256.48333740234375
1277.8870849609375
1213.2891845703125
294.4158630371094
210.03758239746094
282.39312744140625
2244.736572265625
1295.5872802734375
3282.912841796875
1209.0047607421875
2193.099853515625
291.23345947265625
1307.4539794921875
240.81007385253906
3153.111328125
1159.302978515625
271.399169921875
3106.551513671875
207.88558959960938
2291.108154296875
1243.4232177734375
1190.4208984375
1242.5814208984375
206.140625
216.41903686523438
2192.48486328125
2153.734130859375
2207.193603515625
1162.5498046875
267.338134765625
256.08563232421875
5181.763671875
1227.867431640625
239.90185546875
260.2068786621094
3042.282470703125
1188.8114013671875
295.0625305175781
315.8036193847656
1176.8692626953125
220.26300048828125
219.26416015625
1343.52734375
1196.8883056640625
1227.7398681640625
1212.1905517578125
3202.543212890625
2262.99951171875
1156.5858154296875
2226.367431640625
253.0592498779297
234.41659545898438
2179.651123046875
266.69903564453125
227.96128845214844
299.86834716796875
1264.7618408203125
1241.7489013671875
1186.5679931640625
4075.22998046875
217.329345703125
2239.544677734375
2276.09619140625
255.0568389892578
2217.091796875
2181.9501953125
1243.2025146484375
1229.2384033203125
1279.8504638671875
3026.3447265625
2229.895751953125
1181.9185791015625
3158.25634765625
1257.0867919921875
314.17999267578125
269.6066589355469
269.03485107421875
2162.784912109375
1209.2884521484375
1268.3773193359375
1329.7171630859375
272.8111572265625
1209.2637939453125
286.59771728515625
4172.8330078125
2223.08837890625
264.15557861328125
295.79888916015625
2200.11474609375
1287.210205078125
252.17013549804688
3223.421630859375
208.10476684570312
4211.724609375
252.60853576660156
1285.99169921875
2265.904541015625
4102.20947265625
2210.4765625
289.1546936035156
291.5085144042969
1176.1365966796875
2285.826416015625
2356.751220703125
1353.8477783203125
1243.078125
1356.13525390625
271.5196228027344
3166.065185546875
230.3512725830078
209.63145446777344
276.5270080566406
253.09536743164062
2236.6005859375
257.2345275878906
3243.71923828125
318.82159423828125
1326.611083984375
1268.93115234375
1234.9959716796875
3174.835693359375
250.91787719726562
314.4864196777344
281.369384765625
371.20880126953125
310.8330383300781
1217.11962890625
1215.832275390625
212.1158905029297
307.7392883300781
317.61077880859375
1156.9884033203125
338.7097473144531
1203.7198486328125
281.94708251953125
261.5497131347656
1191.7266845703125
1272.5516357421875
191.54714965820312
4124.4111328125
306.29254150390625
1258.09765625
315.6328430175781
2263.130859375
234.03968811035156
1257.3814697265625
3178.143310546875
1274.378662109375
261.89996337890625
272.2521667480469
289.04095458984375
1183.126708984375
2208.03125
251.21932983398438
293.8815612792969
258.1434326171875
2233.3095703125
1245.287109375
241.4424591064453
1230.3338623046875
1223.9737548828125
2110.617431640625
1217.0462646484375
234.35336303710938
244.11215209960938
248.5857391357422
3196.47705078125
305.6984558105469
1208.1185302734375
266.4960632324219
1227.134765625
254.81375122070312
278.09771728515625
272.6346130371094
3177.47607421875
210.75726318359375
1199.52880859375
244.77484130859375
2197.76318359375
1214.282958984375
3218.021484375
246.81333923339844
1240.825439453125
1255.16015625
265.3450927734375
262.9095764160156
1250.57568359375
2170.504150390625
1276.2918701171875
3175.982177734375
2178.261474609375
305.41558837890625
1279.09814453125
1323.98681640625
2238.51904296875
1214.022705078125
3231.953125
1287.6707763671875
2215.7119140625
250.3568115234375
372.7777404785156
1241.466552734375
2193.728759765625
1194.3343505859375
371.5189514160156
215.79244995117188
1237.3612060546875
299.95654296875
295.39984130859375
1222.353271484375
1221.45263671875
2261.98095703125
283.5995178222656
2327.732177734375
1277.9185791015625
294.0212097167969
4178.13818359375
1231.7060546875
1230.738525390625
2216.0947265625
256.1798095703125
252.6679229736328
2207.73291015625
1184.4786376953125
2197.114013671875
2282.942138671875
1197.760986328125
1282.2286376953125
1354.26416015625
224.41822814941406
3225.462646484375
1290.695068359375
300.8001708984375
2138.83447265625
2168.436279296875
1274.713134765625
1196.3145751953125
2219.329345703125
289.63201904296875
269.3582458496094
266.1712646484375
1217.228515625
1219.3328857421875
2250.74755859375
223.51002502441406
273.0041198730469
254.61631774902344
234.407470703125
1241.7996826171875
2187.3515625
286.861572265625
246.4573974609375
247.74842834472656
1174.18212890625
2154.072998046875
272.42877197265625
305.186279296875
237.80332946777344
3190.5693359375
1229.3408203125
1187.05712890625
207.95751953125
2165.49755859375
1272.5648193359375
1245.02978515625
1262.6986083984375
2175.067138671875
2234.8671875
1148.8681640625
234.57884216308594
3245.110107421875
2222.79931640625
1211.759765625
1257.49560546875
2223.7607421875
1253.4024658203125
191.4072723388672
2206.811767578125
1158.5889892578125
254.27841186523438
233.44784545898438
290.56201171875
306.8927307128906
1226.41162109375
2134.114013671875
1188.6654052734375
1224.73876953125
2339.388671875
3186.323974609375
217.14053344726562
1206.011962890625
1221.1787109375
2228.9697265625
4158.619140625
250.2553253173828
1218.52734375
2180.777099609375
2225.048828125
2194.92529296875
230.6559600830078
1237.4189453125
1208.521484375
1317.805908203125
285.4051513671875
1241.623779296875
275.6824951171875
1195.948974609375
257.2315979003906
253.0552978515625
302.26715087890625
2178.451416015625
261.402099609375
341.8772277832031
1249.040283203125
271.3113708496094
292.82928466796875
236.4680938720703
2092.1328125
233.67727661132812
1229.15869140625
260.8325500488281
244.8833465576172
1282.7076416015625
229.46749877929688
1203.87255859375
1254.8892822265625
1213.8751220703125
243.98861694335938
2167.36865234375
3116.653076171875
1188.5836181640625
1283.9652099609375
296.82696533203125
1188.50732421875
1202.2012939453125
244.27061462402344
1190.993408203125
250.44384765625
2221.6416015625
1209.930908203125
1211.1864013671875
349.9786071777344
1223.7855224609375
265.8778076171875
298.3609619140625
1236.499267578125
1262.2459716796875
252.5630645751953
3207.177978515625
1183.10986328125
3107.049560546875
245.63885498046875
1240.771484375
3152.904296875
250.48974609375
2200.09228515625
269.70233154296875
276.9891662597656
275.06976318359375
3266.313232421875
1235.3546142578125
1221.9813232421875
2201.632568359375
1262.714111328125
290.09423828125
2210.634765625
3260.23193359375
1282.3033447265625
187.06881713867188
2310.29345703125
241.3707275390625
1174.3140869140625
1256.7584228515625
2235.680908203125
2186.576171875
189.4529571533203
4165.44091796875
1218.7425537109375
2252.8369140625
2186.892822265625
291.7020263671875
235.6816864013672
2263.65771484375
2242.6669921875
232.82061767578125
1172.3709716796875
1225.15283203125
1221.6409912109375
2214.103271484375
2272.8203125
286.9804382324219
244.70834350585938
346.6858825683594
1290.370849609375
1244.2103271484375
3195.76416015625
1285.7454833984375
292.3399963378906
2156.9111328125
304.68572998046875
2076.552490234375
274.9198913574219
1212.15673828125
1321.104736328125
1330.5091552734375
285.7802429199219
2170.011474609375
2233.912841796875
240.85052490234375
2240.69580078125
259.3599548339844
240.15895080566406
302.4944763183594
296.1217956542969
1216.3939208984375
216.6231689453125
1224.0946044921875
270.5708923339844
2147.338623046875
1230.010986328125
2277.992919921875
250.58294677734375
1271.121337890625
2165.963134765625
1183.2110595703125
214.77798461914062
1262.679443359375
1240.4715576171875
246.21737670898438
265.2728576660156
2259.6533203125
1166.3798828125
274.0548095703125
1227.112548828125
4192.01806640625
1236.2183837890625
1227.98193359375
232.0785675048828
1235.8729248046875
3266.92333984375
1241.344970703125
1250.0328369140625
1213.25
1237.223876953125
1186.301513671875
203.7900390625
2188.23388671875
215.55459594726562
2307.2880859375
2236.485595703125
3279.62646484375
2203.43115234375
297.8099060058594
273.8382263183594
3172.031494140625
289.0665588378906
1228.8980712890625
1258.967041015625
1211.64453125
2208.330078125
1282.986328125
6143.62646484375
2215.446533203125
283.5142822265625
1219.0340576171875
1283.4234619140625
222.4584197998047
1215.98193359375
1261.4862060546875
1358.658203125
1285.6773681640625
1247.2130126953125
248.14251708984375
2192.92431640625
1140.7716064453125
1316.7451171875
1269.8052978515625
293.2936706542969
1274.8427734375
352.04364013671875
215.3472442626953
285.0381774902344
1316.4429931640625
319.59417724609375
266.6631164550781
272.5267639160156
2316.43310546875
2155.217041015625
260.11004638671875
1231.888916015625
3137.981689453125
289.1533203125
312.4942321777344
1209.941162109375
1107.0845947265625
3129.20703125
1239.8936767578125
2173.0634765625
3201.263671875
323.6020812988281
2170.260498046875
1263.2818603515625
1222.6424560546875
346.40765380859375
186.04983520507812
1222.4993896484375
3069.19189453125
309.7746887207031
2176.222412109375
236.90611267089844
1224.1256103515625
2242.29638671875
2245.618896484375
4100.56494140625
325.3148193359375
1208.9951171875
1280.28125
2141.839599609375
215.469970703125
220.3306121826172
205.29000854492188
2127.144775390625
225.76783752441406
220.0514678955078
1163.858154296875
2201.671875
2171.7734375
2218.16552734375
1320.4244384765625
1183.219970703125
1192.55224609375
266.7502746582031
1198.2274169921875
1219.597900390625
2209.3125
265.3359375
1141.919189453125
1218.996337890625
1226.240234375
328.0203552246094
245.01193237304688
1239.2315673828125
1250.2469482421875
1296.7574462890625
1257.1162109375
4126.88427734375
2247.485107421875
1277.2784423828125
1277.0115966796875
234.86322021484375
1308.4730224609375
1225.3262939453125
237.47933959960938
222.20510864257812
1344.33154296875
3206.49755859375
1225.4150390625
305.3558349609375
2158.953125
2241.989013671875
2194.281982421875
266.43450927734375
2284.44921875
228.54229736328125
1250.590087890625
386.72088623046875
1302.012451171875
204.8617401123047
1175.500244140625
260.86090087890625
3225.8955078125
1330.61767578125
1214.1734619140625
249.468505859375
1258.2701416015625
174.77322387695312
3198.672607421875
1235.5889892578125
4098.775390625
1267.8284912109375
257.9896240234375
2162.585693359375
213.4460906982422
2159.791748046875
1171.9244384765625
1182.593994140625
321.9358825683594
1249.4146728515625
2247.5078125
1220.1953125
2218.1044921875
1180.4739990234375
1141.1226806640625
3135.45947265625
220.88546752929688
4191.68115234375
283.0447998046875
1243.96240234375
2233.172119140625
205.0027618408203
267.5199279785156
1198.62451171875
265.98638916015625
2192.04296875
304.6374816894531
1188.4921875
281.2092590332031
254.39109802246094
3208.6630859375
2222.471923828125
1276.4527587890625
1291.74951171875
1252.5491943359375
1163.8734130859375
1215.544189453125
241.1825408935547
384.73834228515625
1231.609375
2182.38525390625
1228.869140625
306.9072570800781
249.5612030029297
2309.223388671875
1251.2669677734375
247.9683380126953
1281.5965576171875
2106.611083984375
2318.970458984375
243.13272094726562
1190.6199951171875
1203.5692138671875
1224.684814453125
1232.3140869140625
3215.365966796875
2294.1796875
4061.671875
1269.63623046875
1258.9517822265625
1266.8240966796875
262.41326904296875
1255.4053955078125
1317.521484375
251.11888122558594
304.3736572265625
229.80123901367188
2279.404541015625
3147.261962890625
235.01524353027344
208.1204833984375
229.3896026611328
3155.742431640625
3171.14794921875
1315.4173583984375
1274.791748046875
3180.521728515625
176.924072265625
1215.35888671875
275.98193359375
2266.57080078125
343.304931640625
4228.48388671875
2196.266357421875
282.77349853515625
2200.631591796875
1174.9625244140625
1243.6260986328125
228.94847106933594
211.7888946533203
2289.74365234375
2158.552490234375
1270.4024658203125
197.9630584716797
3219.30615234375
195.37171936035156
333.4162902832031
1189.29931640625
2239.797119140625
2287.83349609375
262.6402587890625
217.78826904296875
283.8167419433594
1136.6104736328125
1214.2601318359375
1255.097900390625
244.30088806152344
2217.30810546875
295.8163146972656
262.0682678222656
248.55599975585938
3127.1435546875
1248.335205078125
1199.00634765625
242.2694549560547
316.20184326171875
1157.522216796875
4032.88623046875
2177.95947265625
1233.6671142578125
234.4796905517578
3266.670654296875
1297.2359619140625
4102.31787109375
1215.873046875
2180.36474609375
248.65951538085938
1253.150390625
1219.099609375
1256.31640625
1232.107421875
214.46466064453125
1180.72314453125
2107.073486328125
226.06671142578125
1252.155029296875
1292.2591552734375
2173.19189453125
2281.363037109375
1241.6595458984375
306.8640441894531
3173.2255859375
2182.318115234375
249.7344970703125
300.03070068359375
2280.767578125
1205.6983642578125
334.2088317871094
1254.7735595703125
363.90777587890625
3276.48876953125
276.835693359375
1147.9698486328125
1192.417724609375
1242.3402099609375
214.43853759765625
1253.114501953125
1265.876708984375
2336.9404296875
234.42031860351562
271.3717346191406
311.6759338378906
300.2320556640625
2253.348876953125
314.9280090332031
2295.484130859375
2222.52587890625
3207.291748046875
3131.569091796875
2353.5478515625
2279.125732421875
1248.955810546875
2240.155517578125
291.03643798828125
4150.6484375
1273.3475341796875
1232.991455078125
261.2532958984375
2230.8017578125
292.62884521484375
4188.201171875
2314.305908203125
1297.077880859375
1189.4437255859375
224.48101806640625
4117.00537109375
352.481201171875
309.57769775390625
287.4672546386719
1275.4228515625
1277.0430908203125
1205.4725341796875
251.66973876953125
1280.357666015625
238.29052734375
2224.3779296875
3106.40625
1294.933349609375
2206.302490234375
344.3255920410156
1242.9393310546875
245.09536743164062
2290.87451171875
1209.0885009765625
1281.2254638671875
328.99542236328125
1141.85205078125
2203.61572265625
292.4023132324219
2208.2822265625
265.81036376953125
212.01422119140625
1273.6185302734375
3214.807373046875
1212.7496337890625
297.3960266113281
1237.86376953125
251.36927795410156
1203.8505859375
221.1602325439453
2206.74267578125
4135.28955078125
269.26092529296875
2155.89794921875
222.1470489501953
232.11251831054688
228.36907958984375
2222.43115234375
2107.481201171875
266.6318054199219
221.24623107910156
335.8321228027344
2190.174072265625
1209.196044921875
2195.914794921875
293.5403747558594
1272.755126953125
1219.236328125
2263.34375
201.19606018066406
208.26124572753906
237.01788330078125
305.455078125
256.8881530761719
1218.01708984375
271.6322326660156
2124.690673828125
303.6194763183594
275.9524841308594
244.80006408691406
2162.8125
2130.38525390625
1271.7320556640625
1178.6651611328125
2274.646728515625
2187.376953125
329.04266357421875
1201.053955078125
1218.007568359375
1275.406982421875
241.09854125976562
269.5899658203125
2323.656005859375
1341.093017578125
250.11041259765625
268.000244140625
1220.1207275390625
1218.970703125
3204.91943359375
2261.359130859375
224.11253356933594
1440.03515625
1287.1895751953125
2151.64013671875
310.22943115234375
1334.6846923828125
221.8061065673828
1228.301513671875
297.7251892089844
371.1950378417969
274.5025329589844
255.67933654785156
330.27252197265625
1185.365966796875
1308.76904296875
1242.5595703125
1289.27978515625
265.6229553222656
1241.5587158203125
270.7153625488281
265.64227294921875
2269.350341796875
2110.22314453125
1232.631103515625
257.30859375
201.18548583984375
1228.460693359375
272.1585388183594
249.43954467773438
1303.1243896484375
255.54049682617188
299.5795593261719
326.8273620605469
1225.775634765625
3136.861328125
1335.2021484375
1387.6270751953125
2173.819091796875
1301.2467041015625
1133.351806640625
2208.419189453125
1217.6683349609375
1246.142333984375
202.66867065429688
3207.773681640625
3356.4970703125
239.97335815429688
248.43759155273438
227.78277587890625
263.21954345703125
182.7932586669922
288.5367736816406
294.0096740722656
305.4068908691406
3001.973876953125
1237.2274169921875
258.2444152832031
2207.7041015625
2173.364013671875
254.28106689453125
1303.9588623046875
2200.298583984375
192.91262817382812
1237.36474609375
235.17935180664062
256.26605224609375
1225.4189453125
284.7099304199219
347.7054443359375
1270.2413330078125
1194.265625
309.53179931640625
240.98345947265625
1161.90673828125
2171.339599609375
316.8846435546875
1189.40380859375
1185.2183837890625
1292.904296875
2215.96923828125
1147.2047119140625
250.54428100585938
268.3471984863281
299.6251220703125
309.5894470214844
209.848388671875
3258.48681640625
1187.86376953125
219.6370849609375
1220.3597412109375
1280.116943359375
1285.121826171875
2160.140380859375
3194.562744140625
271.4149169921875
3222.33154296875
1239.6259765625
2209.05517578125
279.7784729003906
1213.6871337890625
329.2347412109375
1234.4302978515625
1267.5006103515625
1258.95166015625
3182.540283203125
2086.48974609375
336.9219055175781
275.6649169921875
336.8966064453125
293.157958984375
338.2408752441406
1238.0478515625
4191.36328125
1172.482666015625
267.72113037109375
3139.2021484375
1182.2674560546875
2206.665771484375
218.5470428466797
227.4405059814453
214.43862915039062
3197.216064453125
269.35906982421875
2159.707275390625
1246.0504150390625
3200.30078125
1156.8746337890625
2236.546142578125
265.6186828613281
1225.77392578125
1241.3912353515625
1252.0765380859375
267.25341796875
1213.63818359375
2163.163818359375
3157.07373046875
2176.580322265625
2111.4921875
1175.4271240234375
2147.030517578125
2206.9404296875
1255.45947265625
2219.8203125
1251.6429443359375
203.751708984375
1240.28271484375
2117.9453125
2242.466552734375
1241.4725341796875
2172.12841796875
234.9412078857422
1238.3468017578125
233.18780517578125
198.43113708496094
5913.443359375
235.868408203125
1163.994873046875
1221.9326171875
1182.85986328125
290.59735107421875
1311.2803955078125
259.7685241699219
2332.46142578125
2174.359130859375
2230.1396484375
2188.598876953125
2222.04833984375
3230.276123046875
1199.764892578125
2199.81982421875
1173.264892578125
1203.189453125
1292.0361328125
258.2499694824219
303.4164123535156
4124.56396484375
1194.3614501953125
1212.607177734375
1224.720947265625
1257.8389892578125
3066.004150390625
299.6814880371094
1269.92724609375
3095.40478515625
304.2356262207031
223.28533935546875
249.0342559814453
2086.107666015625
1203.7454833984375
2128.895263671875
3124.372314453125
2147.34033203125
2252.8974609375
276.0794372558594
335.80474853515625
3030.05712890625
2216.74951171875
1362.9267578125
2291.16796875
343.48486328125
252.23753356933594
3165.34423828125
2200.798828125
284.3801574707031
3198.21533203125
1278.2261962890625
1229.5916748046875
1287.984375
1287.715087890625
311.4538879394531
319.0303039550781
358.7305908203125
268.0557556152344
2185.891845703125
303.8450012207031
262.95361328125
216.73284912109375
1217.095947265625
1258.8427734375
316.578125
1272.7171630859375
313.47613525390625
239.60260009765625
204.05979919433594
346.8385009765625
1353.771728515625
282.14581298828125
3188.4677734375
1239.8077392578125
2185.14306640625
306.6230773925781
363.32171630859375
360.4025573730469
305.1600036621094
253.31686401367188
2283.753173828125
295.1797790527344
265.82666015625
1239.8956298828125
2210.714111328125
1206.37890625
2194.478271484375
1261.9261474609375
1132.5997314453125
282.0739440917969
1190.422119140625
1257.0091552734375
2228.788818359375
1266.7762451171875
2206.531982421875
2270.765625
241.86529541015625
1283.891845703125
2227.1884765625
1294.1158447265625
3284.004150390625
1166.4013671875
1244.818115234375
302.5071105957031
1194.34521484375
274.01263427734375
1320.8353271484375
1212.31298828125
1272.021240234375
2241.00439453125
235.00917053222656
3088.393798828125
3156.960693359375
2223.2275390625
1147.466064453125
321.1479187011719
276.58074951171875
1252.8101806640625
1177.5107421875
1242.87451171875
275.09521484375
1222.3944091796875
1208.720947265625
2148.19921875
1113.455810546875
1282.916748046875
4206.4248046875
248.3358612060547
4152.384765625
1237.68212890625
216.6620330810547
224.4916534423828
289.11895751953125
2118.329345703125
1241.3018798828125
2269.697509765625
2207.4091796875
246.93588256835938
1333.7064208984375
299.1134948730469
1214.39794921875
257.6866760253906
1265.9998779296875
1176.9705810546875
1236.7098388671875
1222.3489990234375
1221.259765625
198.86203002929688
3182.73974609375
1192.331298828125
1296.860595703125
1228.815185546875
223.46771240234375
1204.35791015625
257.7358703613281
1221.510986328125
3235.135009765625
1162.833251953125
2116.614990234375
1226.15087890625
1249.6422119140625
214.43617248535156
1295.00927734375
322.7048645019531
194.93946838378906
1286.6170654296875
2099.443115234375
324.8244934082031
1232.9161376953125
2320.66796875
292.9101867675781
346.8070983886719
1312.7913818359375
205.64044189453125
1325.181640625
1271.257080078125
297.1035461425781
239.32379150390625
310.81353759765625
316.81549072265625
338.02117919921875
2157.427734375
325.8956298828125
2196.51513671875
192.20310974121094
1268.95654296875
2200.693115234375
2282.932861328125
1231.7166748046875
3134.352783203125
2226.195556640625
1271.7474365234375
298.5089111328125
1302.3673095703125
188.9754638671875
234.67030334472656
1239.5189208984375
1264.634521484375
1225.1802978515625
1144.406005859375
328.87603759765625
1280.2958984375
2245.849609375
1225.920166015625
295.09698486328125
2192.90283203125
1341.0657958984375
1262.4091796875
1172.1898193359375
1199.124267578125
362.9440002441406
1291.940673828125
172.19903564453125
1173.5531005859375
1255.906005859375
368.6914978027344
1246.993896484375
1312.0540771484375
223.49021911621094
2244.517822265625
2240.6865234375
237.09307861328125
2280.844482421875
5982.58349609375
2215.087890625
1214.58544921875
238.4678955078125
332.3228759765625
1320.2376708984375
3344.89892578125
2145.250732421875
1271.0123291015625
1313.0203857421875
2238.88818359375
1176.1602783203125
281.2366638183594
1228.54541015625
1257.4605712890625
1304.811279296875
3139.640625
1294.662353515625
1187.990478515625
1211.657470703125
308.13250732421875
2149.861328125
279.4646911621094
1243.21630859375
1221.53955078125
270.05413818359375
1204.3614501953125
317.4074401855469
310.86297607421875
291.0753173828125
1202.927734375
221.68548583984375
1232.10302734375
3220.879638671875
1203.7305908203125
3159.95458984375
3119.02197265625
259.94482421875
228.18272399902344
212.46456909179688
1226.9796142578125
237.04180908203125
1241.0762939453125
1176.2574462890625
3217.2236328125
365.70660400390625
275.2586364746094
1247.5130615234375
2183.6962890625
273.5688171386719
1229.968505859375
1256.8743896484375
287.6977844238281
1298.982666015625
2227.8212890625
291.2135009765625
203.88876342773438
3225.657470703125
271.4970397949219
326.09661865234375
1247.40478515625
298.40557861328125
1137.824951171875
248.2682342529297
173.03958129882812
1234.107666015625
227.83840942382812
258.65435791015625
2258.662109375
274.79888916015625
1248.2896728515625
304.7014465332031
246.43357849121094
272.5828857421875
1245.5404052734375
2218.765625
329.4678649902344
214.0476531982422
197.92955017089844
1173.2197265625
4136.162109375
1297.138671875
3198.6826171875
2268.002197265625
1249.618408203125
1227.962158203125
263.4103698730469
282.18475341796875
2316.555908203125
1215.0631103515625
1217.196533203125
248.16709899902344
2275.89453125
241.14285278320312
356.4505310058594
3150.687744140625
2194.381591796875
2243.2275390625
1162.93505859375
281.8751220703125
2311.453857421875
1258.443115234375
320.91009521484375
1272.552001953125
2089.706787109375
1191.89111328125
1220.054443359375
1252.5169677734375
1302.184326171875
4278.69287109375
2282.691162109375
262.24664306640625
318.3005065917969
2212.587646484375
1274.533203125
1300.4892578125
195.00794982910156
1243.830810546875
1252.9852294921875
2227.672119140625
2258.644775390625
1237.3958740234375
2132.625
218.14964294433594
1300.3218994140625
2214.861572265625
1299.412109375
1283.00830078125
249.39718627929688
289.7415771484375
1285.80419921875
3213.443115234375
2198.8056640625
1249.5283203125
1243.7315673828125
1255.5587158203125
315.8142395019531
270.656982421875
286.7384948730469
1304.69873046875
240.1690216064453
345.3016052246094
2235.09130859375
3277.231201171875
232.73304748535156
1228.7415771484375
281.84405517578125
2193.10205078125
1308.3302001953125
1254.3748779296875
318.6522216796875
348.5932922363281
332.8133850097656
1259.076904296875
1246.326171875
222.91342163085938
277.419677734375
265.7841796875
294.4710388183594
1221.6585693359375
320.2154235839844
281.6518249511719
1187.1781005859375
2171.9716796875
285.21612548828125
2159.626708984375
1228.9227294921875
1253.6051025390625
1279.977783203125
1137.037841796875
1235.8447265625
2255.14599609375
1215.90576171875
234.29505920410156
2210.919189453125
1284.40478515625
1254.02880859375
247.23773193359375
1249.861083984375
4213.84521484375
230.84841918945312
2200.732177734375
289.2042236328125
251.10836791992188
287.6092834472656
392.06011962890625
336.8154296875
248.94248962402344
2234.096923828125
282.7005920410156
1267.27734375
1189.0367431640625
241.65408325195312
234.05319213867188
2191.830078125
234.15618896484375
1223.33154296875
228.1433563232422
1155.5264892578125
301.7994079589844
254.876953125
297.9459228515625
2141.805908203125
215.98361206054688
1193.4324951171875
250.95059204101562
3243.19384765625
1221.27490234375
1307.3426513671875
222.1390838623047
1241.482177734375
1259.89111328125
2219.319091796875
1197.6605224609375
1226.449951171875
326.0190124511719
202.80596923828125
3161.443603515625
240.93154907226562
231.82080078125
1220.2293701171875
2248.341064453125
1224.2352294921875
267.38189697265625
236.37774658203125
1198.0804443359375
1242.350341796875
1281.138916015625
281.73486328125
259.8602600097656
2175.97900390625
1198.046875
317.9292907714844
1191.7093505859375
208.5096893310547
237.06663513183594
312.7757873535156
272.5145568847656
265.7816467285156
2082.58251953125
224.0869140625
215.34478759765625
255.9479522705078
2147.033203125
1159.2662353515625
1226.3721923828125
297.4730224609375
2271.663330078125
251.68115234375
213.0888214111328
1244.7178955078125
247.41539001464844
1153.575927734375
1242.0609130859375
2273.548828125
1196.1614990234375
2159.2431640625
1226.249755859375
2249.907958984375
2169.65283203125
2196.596923828125
1203.985107421875
2226.5517578125
2219.54638671875
3108.794921875
1285.4266357421875
197.02914428710938
235.51849365234375
3144.623779296875
5104.69873046875
1236.6383056640625
325.3282165527344
1273.57177734375
1272.2135009765625
1221.451904296875
1354.349609375
2103.434814453125
177.50563049316406
1220.1766357421875
1230.037841796875
253.7616729736328
1225.0830078125
1230.09228515625
234.48155212402344
208.65977478027344
1177.8201904296875
2173.69287109375
240.5258026123047
1203.497314453125
2223.768798828125
2102.41259765625
1301.7095947265625
1198.06982421875
2225.195068359375
2245.93798828125
2177.06787109375
307.0642395019531
1240.9453125
249.89682006835938
1120.6552734375
1226.5574951171875
2305.941162109375
2221.058349609375
2311.171630859375
222.54254150390625
2176.91015625
2294.28662109375
1221.3333740234375
4119.82080078125
211.55812072753906
1218.35205078125
1160.98486328125
182.40457153320312
1211.118896484375
194.38011169433594
225.2296600341797
1210.7862548828125
249.98794555664062
1212.907470703125
265.8000793457031
280.326171875
1206.1163330078125
281.3096618652344
257.461669921875
2263.95703125
1213.3671875
251.98779296875
229.58729553222656
304.7496032714844
3130.28857421875
2272.302490234375
270.024169921875
1296.6253662109375
2179.763671875
295.7708740234375
198.5878448486328
1310.9173583984375
1195.31494140625
1261.4757080078125
2215.195556640625
1170.040771484375
2242.63134765625
201.2189178466797
217.32289123535156
1237.8968505859375
1237.673828125
1248.42333984375
1209.14599609375
1285.56787109375
1255.0045166015625
262.3946228027344
1213.8800048828125
1212.37890625
1231.310791015625
2211.78564453125
1161.1719970703125
4153.64013671875
1252.7115478515625
198.96444702148438
217.101806640625
1288.45361328125
1258.316650390625
1207.3856201171875
3230.43896484375
1233.0731201171875
226.83802795410156
272.59735107421875
4083.27587890625
275.15423583984375
1203.8155517578125
3165.729736328125
231.64830017089844
1232.2210693359375
332.6358337402344
250.43801879882812
1216.3367919921875
1196.680419921875
224.199951171875
1260.7657470703125
1272.3402099609375
276.96435546875
266.2253723144531
288.4394836425781
230.79095458984375
234.13514709472656
266.066650390625
1219.5516357421875
3149.892822265625
2178.511474609375
208.83250427246094
1259.5849609375
1239.9210205078125
2219.17919921875
1182.7294921875
3140.8681640625
3273.464599609375
1204.2188720703125
1181.754150390625
271.4823913574219
1241.9635009765625
2229.031982421875
2224.263916015625
307.4573669433594
265.4122009277344
1219.3487548828125
342.798828125
1249.4815673828125
1212.025390625
1245.862548828125
1128.648193359375
2215.91552734375
3162.46337890625
5104.109375
242.62457275390625
250.62814331054688
233.35934448242188
320.3702697753906
1246.4395751953125
1210.1170654296875
286.55792236328125
1305.7835693359375
1159.50146484375
358.4862976074219
227.85064697265625
215.8621368408203
195.6118621826172
2308.61181640625
261.6771240234375
238.40020751953125
1246.1983642578125
1140.723388671875
2186.52099609375
237.580322265625
2221.22998046875
3093.186279296875
213.97607421875
1189.0755615234375
2250.117919921875
233.97161865234375
236.8154296875
269.2652282714844
265.2736511230469
1235.905029296875
1240.645751953125
1201.98583984375
284.55780029296875
264.89227294921875
243.16012573242188
2186.387451171875
1218.311767578125
2232.32275390625
253.4033660888672
268.1221923828125
1225.7916259765625
1257.6763916015625
1181.3035888671875
1196.6356201171875
1191.6656494140625
1219.64013671875
261.6387023925781
2204.540771484375
1239.451171875
1229.31787109375
263.87945556640625
1188.594970703125
210.0664520263672
2117.1416015625
1195.2156982421875
1161.16552734375
1233.8870849609375
2316.42822265625
1248.5006103515625
1227.489990234375
2222.701416015625
2173.076416015625
356.3590087890625
312.7235412597656
1170.37060546875
1217.7677001953125
2149.81982421875
180.5362548828125
2177.68603515625
237.83277893066406
4237.263671875
3107.12353515625
229.51173400878906
259.8495178222656
1207.1339111328125
1228.9931640625
1191.080810546875
276.1329345703125
1195.4296875
1222.4302978515625
1177.01806640625
1218.1341552734375
237.33319091796875
3221.26220703125
1276.7008056640625
1204.925537109375
1186.087646484375
2151.679443359375
2193.630859375
1175.7655029296875
354.57403564453125
255.0089111328125
2105.365478515625
1208.9171142578125
1280.200927734375
232.31964111328125
206.24395751953125
1173.9119873046875
256.8971862792969
1247.6265869140625
229.50103759765625
189.9647674560547
2241.983642578125
265.9363708496094
2174.39501953125
1183.06103515625
2150.79833984375
238.02867126464844
1226.4320068359375
2193.75537109375
1271.0794677734375
244.72923278808594
305.9029846191406
3155.73876953125
297.63714599609375
199.4443359375
1178.3214111328125
3150.2587890625
237.8076171875
1291.4637451171875
5102.79248046875
243.0123748779297
186.8661346435547
351.7210693359375
1230.7095947265625
1143.475830078125
197.7867889404297
3167.48486328125
229.49319458007812
302.8732604980469
1175.749755859375
1131.51025390625
1289.9857177734375
1240.465576171875
2171.8828125
181.1837158203125
1236.3665771484375
334.2756652832031
1182.8095703125
1252.5020751953125
270.4044494628906
1227.149169921875
1290.3038330078125
300.7939453125
1200.4891357421875
2046.521240234375
1229.4617919921875
296.9864501953125
1162.7115478515625
1247.6851806640625
1212.4140625
2208.833740234375
1232.396240234375
1198.1092529296875
249.18197631835938
296.354248046875
4063.917236328125
1086.208984375
272.6158142089844
1242.1424560546875
1290.90771484375
257.2789611816406
1212.114501953125
1123.542724609375
1265.3558349609375
2146.080810546875
2121.985107421875
1203.2042236328125
258.1756896972656
225.59544372558594
3316.13818359375
249.7836456298828
1223.835693359375
261.3612060546875
1281.22265625
234.62860107421875
202.7816619873047
3139.392333984375
1211.5111083984375
323.2981872558594
1174.9571533203125
285.84051513671875
215.99212646484375
235.64942932128906
2195.255859375
1226.883056640625
2274.27392578125
1175.5616455078125
271.439208984375
1216.68408203125
1228.49755859375
1272.9505615234375
229.9232177734375
1194.374267578125
232.81637573242188
1266.3050537109375
1184.4898681640625
241.9420166015625
1238.1378173828125
1272.819580078125
277.21820068359375
1172.6494140625
3248.552734375
306.7844543457031
2241.6103515625
1157.0655517578125
3096.84326171875
257.9893798828125
1120.2232666015625
230.62525939941406
1208.88916015625
2186.568115234375
2114.775390625
1253.545654296875
1234.1153564453125
327.5391845703125
1219.44775390625
261.3666076660156
1235.8387451171875
2177.9853515625
266.0575256347656
2234.33935546875
296.48162841796875
2289.1748046875
1195.83935546875
252.53848266601562
269.288330078125
230.2115020751953
1239.5386962890625
1211.5560302734375
290.0796203613281
6093.658203125
1255.4456787109375
1274.4310302734375
3332.90673828125
324.4541320800781
291.10565185546875
5981.74169921875
1206.7542724609375
1306.1282958984375
274.7489318847656
367.63067626953125
301.9854736328125
1239.904296875
1294.1234130859375
2182.64111328125
254.2538604736328
1186.3421630859375
1251.0838623046875
357.876708984375
2221.439697265625
2204.51806640625
3137.818359375
1263.177490234375
2231.531494140625
307.6452941894531
278.0162353515625
1265.409423828125
1231.030029296875
285.6683044433594
1244.439697265625
3218.94189453125
349.6040344238281
1260.1878662109375
1268.0916748046875
1221.4056396484375
250.30520629882812
243.72300720214844
1292.4102783203125
275.138916015625
1268.1741943359375
2261.57080078125
1222.44775390625
1212.7877197265625
2230.97314453125
230.14804077148438
271.3499755859375
1252.5101318359375
4140.9912109375
217.19891357421875
1245.046875
298.2945556640625
1128.1182861328125
325.7212219238281
2246.794921875
245.0921630859375
1254.2545166015625
240.0995635986328
3225.88427734375
2223.897705078125
1191.78857421875
295.4602966308594
2345.155517578125
1264.140625
2169.748291015625
271.05218505859375
1212.5767822265625
1191.2857666015625
1205.81689453125
300.4662780761719
2202.835205078125
1218.8341064453125
202.76719665527344
2210.05224609375
2255.0595703125
268.5284118652344
228.31478881835938
2250.407958984375
257.31182861328125
1257.8631591796875
294.9101867675781
2209.50439453125
208.94252014160156
4125.34912109375
285.6824035644531
2142.10595703125
4246.68505859375
219.81410217285156
226.8869171142578
277.021484375
1189.99462890625
242.43939208984375
242.8781280517578
277.0609130859375
1234.2366943359375
1183.4091796875
2249.878173828125
256.75653076171875
1278.67431640625
205.2058563232422
187.47625732421875
2224.27490234375
2220.640380859375
233.12301635742188
1149.1439208984375
236.79095458984375
206.12648010253906
1288.95947265625
4129.62939453125
1263.85986328125
1181.7884521484375
1278.9373779296875
1267.656982421875
1157.37060546875
319.248046875
285.74700927734375
257.6973876953125
229.67852783203125
1196.3402099609375
206.70460510253906
212.6538543701172
216.38235473632812
3171.53759765625
244.31610107421875
205.22369384765625
2217.58056640625
3129.726806640625
1193.9566650390625
296.4754943847656
1165.5177001953125
244.148193359375
238.8363494873047
2086.0087890625
1260.71240234375
2166.113037109375
205.75059509277344
188.5717010498047
2119.878662109375
221.8079833984375
1281.6834716796875
1205.3115234375
2171.945068359375
204.3486785888672
234.6736297607422
211.98031616210938
1227.8592529296875
2135.9208984375
1195.3447265625
1218.6995849609375
1211.723388671875
187.88095092773438
2197.874755859375
2182.380615234375
229.16465759277344
1182.427734375
1156.88427734375
234.54164123535156
1183.4031982421875
2265.8720703125
230.8680877685547
218.26280212402344
2138.196533203125
1337.097900390625
2110.85693359375
1226.843505859375
198.50479125976562
1231.56298828125
276.29400634765625
1199.1182861328125
233.52383422851562
3153.756591796875
1201.953125
1170.9727783203125
234.4020233154297
2248.066650390625
1139.437744140625
1219.4951171875
2134.174560546875
1196.18994140625
1194.2137451171875
1132.0089111328125
239.1802520751953
1224.23681640625
265.88580322265625
2230.396728515625
2055.01904296875
1192.31787109375
2125.71240234375
360.4968566894531
286.0894470214844
293.4569396972656
201.3682403564453
1245.5078125
213.24606323242188
2200.195068359375
273.91998291015625
2134.626953125
209.12896728515625
1219.4794921875
1242.7520751953125
1203.865478515625
1198.125
2203.515625
208.33204650878906
1224.6932373046875
2157.94775390625
1190.388427734375
4112.353515625
1233.4483642578125
1272.120849609375
1157.9520263671875
1173.6241455078125
1188.72314453125
275.670166015625
1189.611328125
1169.49853515625
2159.35498046875
1251.30029296875
2070.39404296875
2195.75634765625
213.7834930419922
249.89988708496094
3028.42578125
2131.64404296875
214.895263671875
1167.879150390625
1205.4019775390625
206.39291381835938
1174.0465087890625
1341.32763671875
1185.2978515625
3245.462158203125
1171.633056640625
1181.619873046875
220.6879425048828
257.2320556640625
265.2309265136719
1247.6824951171875
1168.8172607421875
2248.412353515625
1244.7689208984375
227.82803344726562
253.58908081054688
1326.1693115234375
1214.5372314453125
1190.4735107421875
3097.806640625
268.4308166503906
4115.59375
196.58253479003906
2133.948974609375
251.11170959472656
1139.6907958984375
247.07272338867188
290.47088623046875
2243.30419921875
218.2442626953125
254.25465393066406
282.94488525390625
2208.14306640625
244.68064880371094
2371.5107421875
266.96826171875
268.93798828125
196.1002655029297
3229.185302734375
2178.30224609375
188.97897338867188
2182.927978515625
1204.0927734375
1171.932373046875
2142.49560546875
285.7217712402344
240.60751342773438
2114.9931640625
1203.3076171875
1208.7921142578125
1116.809326171875
1254.955322265625
209.48062133789062
1201.2554931640625
1184.616455078125
241.08575439453125
4050.940185546875
214.7736358642578
1177.8583984375
184.1002197265625
2183.53173828125
1137.82275390625
2169.86279296875
1182.4293212890625
2145.30126953125
200.33355712890625
234.56594848632812
3135.710205078125
1230.35107421875
1155.56298828125
1227.95361328125
1253.5831298828125
2129.72216796875
201.95053100585938
2188.68359375
2251.402099609375
287.62127685546875
1170.5257568359375
1225.251953125
230.59771728515625
2275.33837890625
1253.7738037109375
2211.338134765625
194.49118041992188
3043.665771484375
187.6842041015625
1236.53857421875
282.626708984375
223.505126953125
259.27130126953125
1217.9921875
1241.609375
200.46240234375
1239.0732421875
2186.984619140625
189.50262451171875
295.9151306152344
258.9955749511719
188.21237182617188
297.1405029296875
1184.6739501953125
1239.1055908203125
236.48570251464844
1215.097900390625
2279.654296875
2211.610595703125
1214.639404296875
301.32916259765625
1195.8314208984375
260.3406677246094
223.03091430664062
1225.144775390625
1184.4837646484375
183.18360900878906
1193.899169921875
1186.9599609375
1170.3062744140625
1224.87255859375
1275.5093994140625
1211.5804443359375
1203.7830810546875
1241.4954833984375
1243.0518798828125
1239.2979736328125
251.8417510986328
1232.0694580078125
2182.558837890625
1241.106689453125
3134.897705078125
1205.958251953125
3136.380126953125
247.56935119628906
2201.75732421875
1176.894287109375
241.27162170410156
1201.94580078125
1183.2266845703125
2140.710205078125
2177.775634765625
3141.522705078125
1225.61376953125
242.12576293945312
1153.4718017578125
269.89581298828125
1219.5826416015625
2105.408203125
232.86627197265625
3062.427734375
3134.465576171875
1256.0435791015625
1220.2314453125
291.66302490234375
3171.181884765625
218.00534057617188
1147.2733154296875
239.86074829101562
1171.372314453125
1208.7130126953125
222.190673828125
1208.647216796875
3083.6982421875
272.78887939453125
5055.134765625
1209.47265625
240.56105041503906
1167.7362060546875
233.45504760742188
1143.8236083984375
3130.48291015625
1128.800048828125
2155.4794921875
1185.62060546875
217.66184997558594
1234.405517578125
257.4627685546875
1166.032470703125
204.9951171875
234.95225524902344
2103.856201171875
1184.8594970703125
3103.400146484375
1351.43359375
2153.93212890625
2196.609619140625
235.54473876953125
1208.6248779296875
1180.248291015625
1275.137451171875
300.558837890625
2141.582275390625
1279.304931640625
4093.158203125
1222.6385498046875
174.16114807128906
200.05828857421875
2147.5390625
1238.725830078125
1187.460693359375
1105.8026123046875
252.651123046875
1273.3892822265625
224.01602172851562
1182.3360595703125
210.6068115234375
1210.888427734375
2175.18505859375
1262.03076171875
1153.7093505859375
2230.599609375
228.73992919921875
193.9918212890625
1242.68994140625
1198.6298828125
235.47108459472656
242.7613983154297
300.4409484863281
1190.92626953125
1240.9189453125
229.85647583007812
1298.0576171875
1203.3104248046875
3144.487060546875
1235.1207275390625
218.53775024414062
1236.3704833984375
1250.8419189453125
1133.757080078125
1274.10009765625
1195.0257568359375
260.3319091796875
229.36033630371094
3254.590576171875
219.87339782714844
1176.3682861328125
208.84613037109375
2183.34912109375
1210.592529296875
1220.028076171875
1232.600830078125
3139.517578125
1145.240966796875
240.47262573242188
215.86143493652344
2149.24560546875
2181.279052734375
3200.852294921875
267.0898742675781
1169.6090087890625
3175.285888671875
275.3979187011719
1298.54052734375
251.18743896484375
190.69517517089844
225.1066131591797
1184.7418212890625
203.41018676757812
1185.8995361328125
2163.682861328125
265.37841796875
2144.457763671875
1205.8970947265625
1262.4290771484375
1140.8505859375
1147.083251953125
225.22439575195312
1179.0772705078125
1182.7662353515625
2208.436279296875
3984.900390625
1218.8111572265625
199.99896240234375
1191.807373046875
2074.50341796875
178.41595458984375
144.61260986328125
1182.49267578125
1108.595458984375
163.59661865234375
203.03941345214844
1179.54931640625
1126.01806640625
1197.53076171875
1121.27783203125
1200.2686767578125
1238.394775390625
1188.195556640625
2131.979736328125
1202.0040283203125
205.18104553222656
248.28274536132812
2254.570068359375
1146.5264892578125
2252.122802734375
1215.1666259765625
2124.968994140625
1186.3370361328125
1202.3963623046875
214.48861694335938
2176.665771484375
2145.09912109375
170.96511840820312
1168.896728515625
1192.5908203125
2186.72705078125
162.36610412597656
4086.470703125
2235.123046875
2243.87548828125
1179.117431640625
250.63377380371094
1212.9952392578125
1178.973388671875
1211.867919921875
212.87721252441406
1167.3636474609375
1176.460693359375
2184.33984375
226.233642578125
204.85006713867188
1210.7017822265625
232.6715545654297
3101.070068359375
200.90284729003906
1182.58642578125
171.60597229003906
1147.8658447265625
1154.5792236328125
2117.3134765625
1185.69384765625
2272.336181640625
208.1992645263672
244.40684509277344
1221.7269287109375
1166.8277587890625
3122.30712890625
248.79971313476562
1171.965087890625
1230.230224609375
1192.843994140625
1165.7723388671875
191.51089477539062
1185.4373779296875
1156.3751220703125
1172.93994140625
1207.7733154296875
1117.651611328125
1194.8765869140625
1183.5008544921875
1088.475830078125
3202.491455078125
1154.069580078125
1204.242431640625
211.7021942138672
1145.924560546875
1167.175537109375
167.93621826171875
2195.208740234375
245.39266967773438
3049.954833984375
2159.5849609375
4076.9375
207.69808959960938
2190.716796875
1162.6944580078125
202.63845825195312
196.7808380126953
225.67697143554688
182.31259155273438
1136.92626953125
2188.777099609375
1184.1409912109375
1149.8507080078125
182.2529296875
177.63230895996094
1137.37939453125
1150.9991455078125
1151.844482421875
1223.703125
3203.617919921875
2150.847412109375
233.13587951660156
211.2892608642578
234.42527770996094
2138.87744140625
245.1737823486328
1189.585205078125
2132.5634765625
3166.22900390625
1153.472900390625
160.0089111328125
2218.953369140625
1185.5328369140625
2104.65234375
2102.837158203125
214.51559448242188
2232.203857421875
2135.60400390625
1278.2076416015625
1235.197509765625
209.84197998046875
2204.5322265625
1247.697021484375
1176.5843505859375
2210.482421875
1249.9208984375
1162.278564453125
226.5757598876953
162.84339904785156
166.62246704101562
1156.79736328125
1184.3289794921875
1176.83203125
1180.7694091796875
2142.760986328125
1221.7064208984375
3091.235595703125
3112.465087890625
5109.63037109375
2177.788330078125
1179.9808349609375
1157.380126953125
1199.248046875
1146.595703125
3152.52587890625
2143.053955078125
2136.53466796875
1120.9144287109375
1191.0574951171875
1193.12451171875
253.020751953125
166.6014404296875
178.0203857421875
1201.078369140625
2094.50439453125
184.15367126464844
1200.2745361328125
179.79945373535156
181.3541259765625
1108.0924072265625
4088.6328125
201.55967712402344
170.98089599609375
1167.8765869140625
3198.631103515625
1180.22998046875
273.73663330078125
2129.296630859375
2118.6669921875
1168.9981689453125
179.5511474609375
4146.26904296875
3158.216796875
169.33624267578125
1153.75048828125
211.80926513671875
1168.8138427734375
1136.4384765625
226.30076599121094
207.84747314453125
236.3258056640625
155.77867126464844
1195.5369873046875
1271.1053466796875
2158.98876953125
2238.03955078125
1180.0394287109375
182.35977172851562
1202.2095947265625
2184.29052734375
3107.04150390625
1191.4674072265625
1166.1165771484375
1114.4200439453125
1155.4110107421875
3131.47705078125
188.08847045898438
160.6995086669922
1209.7501220703125
1149.6612548828125
2149.10791015625
1152.715576171875
4105.4697265625
1231.2095947265625
236.028076171875
219.78199768066406
176.1857147216797
1192.16455078125
2143.337890625
180.8623809814453
1184.7261962890625
2146.736572265625
1195.9493408203125
209.4483642578125
2155.790283203125
1146.8592529296875
1131.638427734375
1254.7442626953125
1159.06396484375
185.6164093017578
1131.26123046875
1211.3192138671875
2151.70458984375
199.2674102783203
1167.4010009765625
2129.92333984375
2177.5322265625
1208.990478515625
3198.77099609375
174.09756469726562
208.560791015625
1168.11669921875
195.6846923828125
1137.144775390625
2108.40185546875
1160.4898681640625
4124.14794921875
1132.082763671875
2172.89208984375
2136.1533203125
2149.50732421875
212.30323791503906
231.01783752441406
221.70152282714844
3098.4384765625
1161.5836181640625
2150.743408203125
181.4217529296875
1214.860595703125
206.7403106689453
1135.58056640625
2141.203857421875
1144.9781494140625
1191.6649169921875
209.14930725097656
2203.22021484375
193.59918212890625
170.08128356933594
193.4669952392578
1190.3621826171875
1153.287841796875
2073.543212890625
1190.0223388671875
209.5780029296875
1161.0478515625
1146.70703125
2199.966064453125
2073.59716796875
3154.830078125
172.25595092773438
2114.003662109375
2181.20654296875
1119.039306640625
164.4441375732422
1187.5479736328125
197.19949340820312
2129.3427734375
2197.685546875
2061.776611328125
1207.1949462890625
4023.344482421875
1173.50439453125
1197.05615234375
201.22230529785156
3170.007080078125
2163.83447265625
5039.12109375
197.77197265625
232.0671844482422
194.32969665527344
235.981201171875
1188.223388671875
1196.8585205078125
1186.2283935546875
1177.6126708984375
2219.2802734375
3109.92919921875
2139.950927734375
1170.1630859375
172.6105194091797
182.755859375
1217.2286376953125
3066.195556640625
2168.885986328125
2116.3232421875
1179.4783935546875
3089.65283203125
1254.9593505859375
271.8834533691406
2143.334228515625
2164.3359375
194.33250427246094
222.67156982421875
2159.14794921875
1170.5699462890625
1179.9998779296875
195.6480712890625
2155.888427734375
3163.77783203125
1207.9176025390625
202.47561645507812
220.64280700683594
5036.08935546875
178.04556274414062
2211.429443359375
200.91580200195312
1199.6295166015625
214.47581481933594
1188.88525390625
169.02371215820312
1143.7249755859375
230.2466583251953
1140.40087890625
1244.21240234375
226.24911499023438
1192.517822265625
1245.39404296875
1183.5999755859375
4096.58544921875
213.96876525878906
262.4988708496094
1163.91552734375
1260.364501953125
2142.909912109375
3116.771728515625
1139.9847412109375
1144.8070068359375
1226.2698974609375
3082.85986328125
1136.26025390625
3127.690185546875
229.77406311035156
2179.85546875
4097.57666015625
2104.12158203125
1169.547119140625
233.3115234375
265.3714294433594
1164.2481689453125
3142.696044921875
210.51031494140625
1174.6341552734375
1148.03564453125
2092.501953125
1132.306396484375
1126.455810546875
170.42337036132812
2126.236083984375
178.12811279296875
2158.417236328125
2184.940185546875
2186.748291015625
219.97962951660156
186.88128662109375
2167.345458984375
1135.3826904296875
2140.5205078125
3198.197265625
2146.87548828125
1149.091796875
1146.54833984375
1164.103271484375
1149.057861328125
1106.3021240234375
1109.910888671875
1137.4976806640625
2117.796875
1183.8466796875
162.5799102783203
248.2924041748047
2084.56494140625
2083.599365234375
167.82125854492188
169.41525268554688
236.4519500732422
1265.7215576171875
277.2471618652344
159.859619140625
1177.1258544921875
1140.55517578125
1205.493896484375
193.43743896484375
2122.504638671875
1124.76025390625
147.3199005126953
2164.10595703125
190.73220825195312
188.88058471679688
261.3157958984375
1164.85302734375
2150.2626953125
2172.135498046875
1144.7415771484375
2099.87939453125
1128.3359375
3121.03369140625
175.54348754882812
223.50662231445312
138.56280517578125
1178.3017578125
1152.042724609375
164.64874267578125
2179.708984375
176.0105743408203
1157.73486328125
1147.834716796875
1182.1319580078125
168.84535217285156
1182.382568359375
3015.222900390625
155.94903564453125
1179.3414306640625
2131.23681640625
181.6904754638672
177.56666564941406
208.63475036621094
174.46112060546875
145.37216186523438
226.13760375976562
1174.3900146484375
1108.054931640625
2142.2958984375
2109.33447265625
1138.612548828125
2155.707275390625
154.22457885742188
4081.32958984375
2099.456787109375
2122.91845703125
2130.674072265625
1136.1185302734375
2070.072265625
1109.5167236328125
210.18572998046875
230.04629516601562
191.73434448242188
149.88743591308594
1116.0279541015625
2150.791259765625
2165.8779296875
1112.8646240234375
155.95738220214844
1112.9888916015625
1164.27978515625
141.18447875976562
173.33322143554688
2085.10888671875
153.88238525390625
222.19717407226562
2108.22705078125
1181.7105712890625
1149.86767578125
1173.9794921875
4087.782470703125
151.8710479736328
1211.8671875
1071.496337890625
1198.5693359375
3179.4619140625
1138.248291015625
172.00924682617188
150.3924560546875
155.62649536132812
2132.871337890625
3078.0615234375
1152.885498046875
1142.64794921875
1121.4771728515625
3059.192138671875
1152.7899169921875
3086.301025390625
1124.5015869140625
2088.947998046875
1122.0394287109375
3048.853515625
2141.44970703125
127.97952270507812
2115.442626953125
2058.7158203125
1107.6612548828125
1184.721923828125
2096.788818359375
1131.160888671875
180.75665283203125
5021.53369140625
151.40713500976562
1148.9246826171875
1195.688720703125
1114.907470703125
2120.45361328125
1134.283447265625
2083.915771484375
1143.440673828125
159.5916290283203
1098.894775390625
1131.10595703125
1173.2733154296875
183.25381469726562
153.904296875
2169.479736328125
184.8210906982422
125.60710906982422
2052.30419921875
137.2889404296875
163.723388671875
4044.1689453125
1143.6903076171875
1104.519775390625
1189.379638671875
176.15122985839844
1155.96484375
3083.970458984375
1132.794189453125
2149.7744140625
1098.9461669921875
2147.072021484375
1236.134765625
2106.058837890625
187.80633544921875
2105.15625
136.43783569335938
2084.7548828125
164.25927734375
2177.203857421875
2126.57568359375
