-112.144276
-138.707043
-93.10580900000001
-162.38170000000002
-75.915491
-205.224706
-166.20456099999998
-122.58661500000001
-72.164708
-155.45631699999998
-106.993583
-115.64889600000001
-134.59963
-104.60764
-105.515781
-184.188793
-94.31277600000001
-101.09914400000001
-99.247792
-60.72787600000001
-135.010861
-88.27473800000001
-76.604079
-128.995557
-168.282661
-75.251575
-125.636474
-168.27032499999999
-74.306426
-186.17390300000002
-114.82516900000002
-62.277756000000004
-100.672374
-107.16379200000002
-102.08655800000001
-96.32781500000002
-104.08926100000001
-110.08183100000001
-94.43751700000001
-184.452433
-129.41192900000001
-65.870109
-140.465521
-169.846258
-152.874112
-151.496379
-169.598714
-96.60003100000002
-87.41206500000001
-118.39146900000001
-98.24804200000001
-159.159694
-56.891298
-132.70407500000002
-118.94491800000002
-128.057487
-231.332712
-247.37204499999999
-150.059461
-216.132761
-128.53692
-214.265197
-122.27739100000001
-113.154424
-88.50994600000001
-93.80867100000002
-111.369336
-113.154424
-98.32343900000001
-214.656897
-76.81323400000001
-133.125704
-150.094531
-171.791157
-192.51076700000002
-115.443617
-229.243657
-152.014758
-62.648103000000006
-98.07395700000001
-99.771312
-60.22377099999999
-158.713393
-119.967402
-239.371631
-228.263438
-93.57484400000001
-111.87206
-88.90358400000001
-201.772749
-121.25684500000001
-188.034388
-374.337582
-191.809843
-119.266478
-105.40531400000002
-80.3568
-160.192576
-121.172431
-62.143998
-285.825024
-194.364057
-103.15838600000001
-215.025863
-144.572934
-58.797250999999996
-104.27568200000002
-173.068264
-90.95895
-131.98041700000002
-322.758052
-62.054326999999994
-152.664957
-74.562987
-213.896231
-64.05896800000001
-152.996915
-134.011111
-186.46564999999998
-280.44050400000003
-220.758553
-95.37033000000001
-172.92410800000002
-133.724621
-80.564017
-240.34659299999998
-134.884182
-248.47700500000002
-48.417973
-130.494155
-78.45930700000001
-222.78730900000002
-88.18838600000001
-80.491939
-157.251803
-88.01623900000001
-88.23773000000001
-115.91779300000002
-65.06911600000001
-176.96846
-135.09001800000001
-144.745081
-69.38762200000001
-178.661939
-107.214517
-142.631911
-148.742027
-110.90223900000001
-115.63849800000001
-136.421726
-174.16282600000002
-119.768645
-128.342039
-83.77368700000001
-173.128006
-76.42153400000001
-122.03178500000001
-205.314377
-274.62008099999997
-152.455802
-91.78129600000001
-357.7448
-257.76365899999996
-153.119718
-109.266564
-184.517432
-181.18495900000002
-158.27428700000002
-350.006088
-139.128672
-118.81116
-173.804258
-86.173347
-220.27524400000001
-94.51291400000001
-84.32713600000001
-169.032929
-117.658794
-37.411787
-75.154825
-133.127642
-109.516046
-106.11857400000001
-136.679668
-137.586428
-116.32376700000002
-119.60883400000002
-132.240297
-107.692569
-161.73858
-149.061649
-379.796118
-350.302976
-357.365436
-203.281745
-110.70542
-97.39770500000002
-218.05105
-124.626326
-261.744393
-131.74659
-181.430565
-189.47324400000002
-374.070507
-268.200741
-191.291464
-94.62200000000001
-124.42950700000002
-256.324803
-232.697552
-150.080814
-90.50225100000002
-188.266277
-102.051488
-85.656906
-173.744516
-190.674954
-159.219436
-72.742829
-154.42343499999998
-75.437996
-114.321064
-98.85221600000001
-146.552903
-103.99113
-102.18330800000001
-124.250281
-253.413959
-244.122048
-129.72823200000002
-157.17972500000002
-76.61835300000001
-244.960049
-83.83342900000001
-150.55123
-163.045616
-265.203545
-243.16788200000002
-200.428705
-134.427483
-147.106352
-125.120033
-184.505096
-108.815122
-143.273093
-277.062006
-131.172345
-83.04809100000001
-142.447428
-72.15431000000001
-63.373699
-140.94357300000001
-91.64615700000002
-136.899221
-108.897598
-180.942115
-289.937694
-55.7844
-85.32301000000001
-148.684223
-94.841553
-98.39551700000001
-158.778392
-70.01259200000001
-165.09766299999998
-181.47990900000002
-181.095288
-74.613712
-295.43976
-68.27878600000001
-363.153992
-224.25083700000002
-164.115506
-197.855076
-274.916969
-129.631482
-280.291091
-61.256653
-106.585671
-195.892584
-132.74634
-218.02123699999999
-274.84295299999997
-145.757167
-67.83580400000001
-73.88811600000001
-131.010596
-72.104966
-139.91594800000001
-367.124328
-222.515093
-217.47486700000002
-175.48026
-86.31944100000001
-246.261828
-167.42192599999998
-179.22966200000002
-139.225422
-154.291615
-82.78821100000002
-95.372268
-117.61846700000001
-200.81000699999998
-88.01623900000001
-110.373462
-75.71867200000001
-166.980882
-104.45822700000001
-76.10191200000001
-68.141709
-109.48805500000002
-162.92281300000002
-150.41609100000002
-70.703118
-106.83183400000001
-76.653423
-64.60340000000001
-194.0867
-193.431244
-95.026036
-126.21265700000001
-221.61735
-182.52180800000002
-125.194049
-115.69824000000001
-199.174332
-354.308382
-172.623901
-54.542363
-157.573363
-222.12339300000002
-214.11772200000001
-246.309234
-172.052975
-172.082788
-202.129379
-232.96976800000002
-95.89910700000001
-175.712149
-237.642966
-128.672059
-74.35383200000001
-112.26569800000001
-75.237301
-287.546494
-152.43113
-76.49361200000001
-231.82973800000002
-209.520478
-256.05064899999996
-184.260871
-145.65516
-156.812697
-63.273630000000004
-140.871495
-133.357593
-81.08045800000001
-90.37751000000002
-155.950024
-123.44928800000001
-245.748706
-41.332779
-141.389874
-268.472957
-71.67293900000001
-174.57211900000001
-263.160515
-217.933504
-396.889686
-204.927818
-202.765304
-81.68325100000001
-194.181512
-232.61313800000002
-218.592163
-137.784628
-88.20072200000001
-160.401731
-159.38118500000002
-103.59749200000002
-119.60883400000002
-159.56373
-367.039914
-73.4177
-171.344856
-123.44735000000001
-68.981648
-105.68986600000001
-92.89859200000001
-141.156047
-72.521338
-87.64921100000001
-121.712163
-142.273343
-158.543184
-63.911493
-208.912428
-127.454694
-104.28801800000001
-122.154588
-112.578241
-162.91047700000001
-130.100517
-45.444068
-199.727781
-83.083161
-246.843268
-132.64959
-123.495313
-139.003931
-141.660152
-90.04555200000001
-119.429608
-181.332434
-145.607754
-192.754992
-170.97589
-156.19424899999999
-108.78713100000002
-65.80704800000001
-133.49467
-93.04606700000001
-95.70228800000001
-95.247527
-78.26968300000001
-156.294318
-194.062028
-265.093078
-384.859078
-75.01774800000001
-66.68205700000001
-135.240812
-142.248671
-140.418115
-100.732116
-136.899221
-93.46437700000001
-106.87924000000001
-106.008107
-96.60003100000002
-135.74491700000002
-197.219035
-176.989813
-194.46606400000002
-75.53612700000001
-109.81807500000001
-121.94543300000001
-125.07068900000002
-246.804879
-88.18838600000001
-107.92639600000001
-196.950138
-90.64972600000002
-162.78573599999999
-148.241241
-100.141659
-109.64786600000001
-168.259927
-115.91779300000002
-145.507685
-160.27698999999998
-139.986088
-94.60966400000001
-82.013271
-116.21468100000001
-103.18112
-164.69362700000002
-65.536213
-155.28417
-179.56300099999999
-161.174733
-113.14208800000002
-196.079005
-106.18163500000001
-139.938682
-118.25964900000001
-103.57282000000001
-80.70109400000001
-153.478286
-111.82465400000001
-137.161039
-295.39235399999995
-244.82822900000002
-139.258554
-88.420275
-119.80371500000001
-89.319956
-100.19100300000001
-122.957519
-129.374921
-160.772635
-99.68689800000001
-106.829896
-219.0508
-314.60296800000003
-66.114334
-153.121656
-117.28457100000001
-105.28389200000001
-62.779923000000004
-142.65464500000002
-75.458792
-117.8997
-107.263861
-95.20012100000001
-134.267672
-158.002071
-137.714488
-102.39052500000001
-106.61034300000001
-170.31003600000003
-98.288369
-70.69272000000001
-69.86511700000001
-176.522159
-150.488169
-116.41343800000001
-129.991431
-91.584477
-79.05308300000002
-165.579034
-91.459736
-83.58920400000001
-274.955915
-107.286595
-99.25819000000001
-87.05875400000001
-94.88188000000001
-84.771499
-124.972558
-59.350699999999996
-162.7734
-109.18215000000001
-123.63183300000001
-114.39839900000001
-301.555133
-132.23891600000002
-180.088459
-108.098543
-117.40931200000001
-136.23336700000002
-104.85186500000002
-55.882531
-131.020994
-55.62458899999999
-93.03566900000001
-205.175362
-80.42887800000001
-221.041167
-213.170635
-123.703911
-173.97834300000002
-161.70351
-263.172851
-153.58543400000002
-84.41486900000001
-69.655962
-164.605894
-140.071883
-207.304744
-160.117179
-189.569994
-186.375979
-144.856105
-145.064703
-90.34050200000001
-111.162119
-100.672374
-127.10000200000002
-116.54857700000001
-132.915168
-76.23705100000001
-205.424844
-139.776933
-132.168219
-62.535698000000004
-103.707959
-162.950804
-59.977608000000004
-192.76539000000002
-271.106444
-165.897275
-86.528596
-110.38579800000001
-284.21734000000004
-197.847881
-125.33958600000001
-116.573249
-98.78915500000001
-71.15649800000001
-111.406344
-178.10849
-73.22420000000001
-107.33593900000001
-150.24062500000002
-64.54227700000001
-92.19766800000001
-172.38161399999998
-101.77733400000001
-78.54704000000001
-82.05221700000001
-232.882035
-150.672652
-185.966686
-102.133964
-104.82719300000001
-186.60454900000002
-106.67534200000001
-128.401781
-113.216104
-147.425974
-138.350413
-156.860103
-117.827622
-60.26077900000001
-74.894945
-158.38669199999998
-149.346201
-316.198316
-190.50612600000002
-101.76693600000002
-91.10310600000001
-128.062744
-192.498431
-162.638261
-166.13054499999998
-110.15390900000001
-99.40566500000001
-141.523075
-169.032929
-153.808306
-96.40183100000002
-176.05312400000003
-79.89816300000001
-208.167417
-236.365859
-272.68043900000004
-99.92404400000001
-228.245845
-221.592678
-137.577411
-116.66999900000002
-77.169864
-132.619661
-86.60011700000001
-88.23773000000001
-91.731952
-64.687814
-53.263318000000005
-75.52047200000001
-251.955572
-157.22713099999999
-80.24439500000001
-116.558975
-245.845456
-248.44055400000002
-96.40321200000001
-137.574092
-99.85904500000001
-144.056493
-73.097521
-135.522045
-111.863043
-117.10202600000001
-70.62772100000001
-225.517546
-175.749157
-73.296278
-88.14098000000001
-126.75377000000002
-92.32047100000001
-194.919444
-100.80419400000001
-208.459048
-147.475318
-203.97033299999998
-87.52447000000001
-104.00678500000001
-109.88169300000001
-110.30138400000001
-94.70641400000001
-87.04503700000001
-160.301662
-102.41851600000001
-177.32315200000002
-138.684309
-132.301977
-187.161317
-151.213765
-131.530356
-138.497888
-133.898706
-132.359781
-99.34260400000001
-72.386199
-133.310187
-115.87232500000002
-135.718864
-108.55330400000001
-132.482584
-107.29893100000001
-155.384239
-59.914547000000006
-180.00404500000002
-85.72898400000001
-229.535288
-187.14898100000002
-121.933097
-132.568936
-162.763002
-71.353317
-81.78332
-193.603391
-65.47509
-92.826514
-116.683716
-72.50900200000001
-144.218242
-77.466752
-140.467459
-65.21659100000001
-124.072877
-145.22645200000002
-89.08806700000001
-162.04780399999999
-155.70248
-195.587236
-144.9419
-85.150863
-194.798022
-84.17966100000001
-57.223256
-76.50926700000001
-82.890218
-92.80184200000001
-211.803857
-182.43739399999998
-149.086321
-60.480332
-64.34352000000001
-126.56928700000002
-97.352237
-182.267185
-133.125704
-48.467317
-56.413246
-77.405072
-72.558346
-140.834487
-51.295685
-134.343069
-192.064466
-176.337676
-126.43414800000001
-206.454407
-165.09766299999998
-87.28024500000001
-116.42577400000002
-144.78208899999998
-108.38309500000001
-141.477607
-76.396862
-146.356084
-102.36779100000001
-158.838134
-74.060263
-205.593672
-144.18123400000002
-128.993619
-93.794397
-199.755772
-459.540958
-406.513439
-453.975158
-466.44681
-465.043024
-454.438936
-371.700776
-482.994008
-406.87726399999997
-480.722408
-497.496354
-484.979234
-546.5216700000001
-458.267054
-406.35362799999996
-476.525324
-465.816026
-434.789216
-213.160237
-82.322495
-149.012305
-89.983872
-124.47691300000001
-202.64388200000002
-57.495472
-160.401731
-114.97264400000002
-139.028603
-116.46084400000001
-140.40246000000002
-172.217927
-144.425459
-65.745368
-121.65574000000001
-179.672087
-110.93730900000001
-97.647187
-200.035067
-274.548003
-129.875707
-84.33947200000001
-110.668412
-121.67653600000001
-121.27957900000001
-95.874435
-70.801806
-226.097048
-106.05689400000001
-79.28691
-147.131024
-114.59134200000001
-53.781697
-146.10008000000002
-140.614934
-123.740919
-68.33852800000001
-64.03429600000001
-127.24553900000001
-144.22863999999998
-128.82341
-95.320986
-89.02638700000001
-162.625925
-189.09194200000002
-51.492504000000004
-150.832463
-77.55116600000001
-178.28063699999998
-154.720323
-84.130317
-166.970484
-347.62208300000003
-46.487348
-70.71545400000001
-43.253006
-150.712979
-124.833543
-224.43532000000002
-67.493448
-101.926747
-144.659286
-96.47722800000001
-88.434549
-98.887286
-65.19385700000001
-77.466752
-168.272263
-45.983242999999995
-132.844471
-334.21053900000004
-224.063035
-154.05446899999998
-258.831611
-118.08750200000001
-70.246419
-83.22023800000001
-86.79887400000001
-139.629458
-68.967374
-114.98498000000001
-138.719379
-147.392842
-181.592314
-70.92267100000001
-93.402697
-101.396032
-106.09390200000001
-100.524899
-72.18938
-136.030026
-143.909018
-93.36762700000001
-67.25962100000001
-176.265598
-161.64376800000002
-140.911822
-113.205149
-80.77511000000001
-39.122859
-111.49075800000001
-193.17468300000002
-134.699699
-120.97561200000001
-119.571826
-234.97247099999998
-153.538028
-194.982505
-60.397856000000004
-211.176949
-94.56419600000001
-144.192189
-132.869143
-159.149296
-166.786001
-181.207693
-93.88406800000001
-238.979815
-116.351758
-96.42982200000002
-106.02182400000001
-136.050822
-135.065346
-92.22372100000001
-100.22801100000001
-189.241355
-125.083025
-81.746312
-114.53353800000001
-126.829724
-61.590549
-129.691224
-68.413925
-128.833808
-87.083426
-162.49078599999999
-211.262744
-67.630525
-179.02896700000002
-117.37230400000001
-104.73946000000001
-115.880785
-90.574329
-117.76594200000001
-74.919617
-73.97253
-68.77249300000001
-113.68126300000002
-182.855147
-182.154223
-95.22285500000001
-98.76448300000001
-140.924158
-210.439017
-193.042863
-75.03202200000001
-189.705133
-111.87537900000001
-93.31496400000002
-164.152514
-93.62418800000002
-101.97415300000002
-213.676678
-139.6892
-100.74445200000001
-183.83730400000002
-101.49472
-75.214567
-210.71123300000002
-238.760262
-85.40936200000002
-216.91102
-81.64624300000001
-150.684988
-97.71926500000001
-240.48367000000002
-111.22379900000001
-141.62176300000002
-176.302606
-88.471557
-126.55888900000001
-92.67903900000002
-101.71759200000001
-49.72169
-135.76820800000002
-97.19048800000002
-166.928219
-64.91970300000001
-144.42352100000002
-67.862414
-93.402697
-132.229899
-138.15221300000002
-63.298302
-128.684395
-137.292859
-105.28583
-101.086808
-151.238437
-123.35961700000001
-75.22690300000001
-133.232852
-201.844827
-394.15613
-83.429393
-83.494392
-74.22909100000001
-150.03478900000002
-93.70998300000001
-159.895688
-124.13455700000002
-113.41098500000001
-148.68034699999998
-181.590933
-116.845465
-154.05446899999998
-279.41802
-210.551422
-102.627671
-98.28643100000001
-114.728419
-185.12868500000002
-87.034639
-91.828702
-161.925001
-171.137639
-104.445891
-110.63334200000001
-152.418794
-164.484472
-197.319104
-109.89541000000001
-183.375464
-164.461738
-127.82366
-132.090884
-41.863493999999996
-61.283263000000005
-108.36882100000001
-150.684988
-97.51011000000001
-127.46703000000001
-55.25562299999999
-166.980882
-87.81942000000001
-118.59160700000001
-130.62929400000002
-122.855512
-160.608948
-161.139663
-148.585535
-65.62062700000001
-165.810923
-163.48666
-126.25298400000001
-164.533816
-117.82568400000001
-70.430902
-74.25708200000001
-65.019772
-139.088345
-142.12393
-174.62992300000002
-206.566812
-190.086435
-137.749558
-148.963518
-89.73632800000001
-122.182579
-84.646758
-137.821636
-200.02466900000002
-267.340006
-151.138368
-50.619432999999994
-248.698496
-141.365202
-334.843145
-72.755165
-130.541561
-77.18220000000001
-79.64354000000002
-61.787368
-178.82175
-89.910413
-213.648687
-146.196273
-79.63120400000001
-176.118123
-78.65806400000001
-172.896117
-101.87408400000001
-176.83332099999998
-138.916198
-89.098465
-129.696481
-89.282948
-56.817282000000006
-111.56615500000001
-113.952098
-255.277647
-134.930207
-211.33676
-107.752311
-158.94722000000002
-117.53073400000001
-203.00952900000001
-149.57809
-187.642688
-105.087073
-60.824626
-129.95110400000002
-80.72382800000001
-207.47689100000002
-120.70339600000001
-97.37635200000001
-82.13995000000001
-82.322495
-177.38483200000002
-83.80875700000001
-66.077326
-188.206535
-198.78069399999998
-64.70015000000001
-141.80624600000002
-95.37033000000001
-165.391232
-154.804737
-102.074222
-78.733461
-113.91702800000002
-67.837742
-132.422842
-161.174733
-98.22337
-78.25209000000001
-141.387936
-141.01897
-146.417764
-127.84833200000001
-160.264654
-60.248443
-86.61439100000001
-133.699949
-231.160565
-73.236536
-84.39213500000001
-119.953128
-95.166432
-113.57079600000002
-170.76673499999998
-42.095383
-112.15661200000001
-101.68058400000001
-176.29027000000002
-197.466579
-137.64948900000002
-168.700971
-138.889588
-152.0745
-63.864087000000005
-120.08882400000002
-67.897484
-136.839479
-99.08410500000001
-82.84087400000001
-151.176757
-112.82440400000002
-99.31793200000001
-150.832463
-99.85904500000001
-63.493182999999995
-107.43600800000002
-91.87804600000001
-124.12222100000001
-194.79996
-137.32085
-219.370422
-257.060797
-245.660973
-205.900958
-78.032537
-153.244459
-83.93349800000001
-219.994011
-115.51375700000001
-70.887601
-261.215616
-95.454744
-125.527388
-211.719443
-77.368621
-260.651769
-105.038286
-118.403805
-106.87924000000001
-137.54942
-128.18029
-180.617236
-94.27770600000001
-76.212379
-107.351594
-129.704941
-94.140629
-99.81163900000001
-145.312804
-147.218757
-135.116071
-278.017553
-61.971851
-83.52752400000001
-104.22633800000001
-142.976205
-327.09735400000005
-87.55954000000001
-117.850356
-176.077796
-212.47872800000002
-142.814456
-202.346994
-177.39523
-191.143989
-62.463620000000006
-129.619146
-134.796449
-183.273457
-81.60923500000001
-75.26391100000001
-142.949595
-123.805918
-131.105408
-112.00719900000001
-154.780065
-52.058288999999995
-71.613197
-246.693855
-107.46068000000001
-214.389938
-80.28140300000001
-184.677243
-122.17926
-88.641766
-77.63889900000001
-94.472587
-72.60768999999999
-121.13736100000001
-136.628943
-237.396803
-73.70225200000002
-78.917944
-95.72696
-65.595955
-110.91457500000001
-84.29012800000001
-163.750416
-95.298252
-99.09644100000001
-65.165866
-101.248557
-129.36120400000001
-102.14630000000001
-125.01996400000002
-56.018227
-119.03265100000002
-43.205600000000004
-160.46147299999998
-166.83340700000002
-105.87434900000001
-108.11226
-102.67507700000002
-97.44843
-87.083426
-137.921705
-106.721367
-113.70399700000002
-86.41951
-86.06288
-124.478851
-82.322495
-76.30912900000001
-84.32713600000001
-125.15510300000001
-65.73303200000001
-84.10564500000001
-117.24950100000001
-72.004897
-121.232173
-68.461331
-84.84357700000001
-110.63334200000001
-100.916599
-79.11476300000001
-186.066755
-112.48857000000001
-101.764998
-64.81061700000001
-132.908089
-210.498759
-134.995206
-157.204397
-57.112789
-264.186318
-116.99294
-122.10718200000001
-186.081029
-121.63620900000001
-161.580707
-102.41851600000001
-137.292859
-184.749321
-171.13570099999998
-95.55481300000001
-104.261408
-81.84306200000002
-104.58103000000001
-120.21494600000001
-150.711041
-120.89313600000001
-154.01939900000002
-151.224163
-171.309786
-142.557895
-148.33799100000002
-140.834487
-113.68126300000002
-219.31068000000002
-139.211148
-45.663621
-97.682257
-200.03700500000002
-90.662062
-201.670742
-391.26802000000004
-65.462754
-174.739009
-72.277113
-138.028853
-55.747392000000005
-83.000685
-62.744853
-71.34098100000001
-77.55116600000001
-104.63231200000001
-163.48666
-84.05492000000001
-47.985946
-126.20032100000002
-245.47649
-124.197618
-138.350413
-89.41808700000001
-109.06974500000001
-66.47096400000001
-73.960194
-84.21805
-102.40618
-162.00039800000002
-63.261294
-212.921153
-152.580543
-146.233281
-66.251411
-110.39813400000001
-82.31209700000001
-111.76297400000001
-86.88660700000001
-101.07641000000001
-105.62818600000001
-284.08928
-120.81580100000001
-123.71624700000001
-95.05070800000001
-121.63814700000002
-183.65475899999998
-256.59176199999996
-85.53604100000001
-103.89438000000001
-154.80279900000002
-140.08615700000001
-299.638782
-113.70593500000001
-136.973237
-197.849819
-141.844635
-117.27223500000001
-177.532307
-168.823774
-147.635129
-148.557544
-221.654358
-88.07791900000001
-226.819325
-149.89965
-145.532357
-181.383159
-66.608041
-102.50293
-134.996587
-154.40402
-95.80097599999999
-94.02822400000001
-175.85630500000002
-282.14963800000004
-142.826792
-116.780466
-75.92782700000001
-166.548855
-173.56905
-74.65918
-214.140456
-187.161317
-110.48586700000001
-160.651213
-93.72425700000001
-114.32438300000001
-141.584755
-159.221374
-68.21904400000001
-201.156239
-174.060819
-125.239517
-180.24827
-252.045243
-163.95569500000002
-108.92227000000001
-65.97725700000001
-109.99216000000001
-137.60402100000002
-129.113103
-128.178352
-128.50185
-113.12975200000001
-164.458419
-128.673997
-74.922936
-59.621535
-163.400865
-225.248649
-100.35081400000001
-154.620254
-99.66028800000001
-127.47936600000001
-84.78383500000001
-125.62413800000002
-113.878082
-108.505898
-161.248749
-146.909533
-57.555214
-122.43914000000001
-189.95129599999999
-103.60789000000001
-271.58587700000004
-136.02615
-155.396575
-118.463547
-56.915969999999994
-74.341496
-86.751468
-84.536291
-242.410976
-132.68466
-136.764082
-106.401188
-225.935856
-150.857135
-69.803437
-93.08307500000001
-87.62453900000001
-102.35351700000001
-132.68466
-66.999741
-137.22078100000002
-94.31277600000001
-134.455474
-221.78949699999998
-65.95452300000001
-139.682121
-168.491816
-90.611337
-118.25439200000001
-153.55230200000003
-113.75527900000002
-109.92008200000001
-90.23003500000002
-70.186677
-276.02718600000003
-112.10920600000001
-124.441843
-126.00350200000001
-114.136581
-102.12356600000001
-100.63204700000001
-88.35013500000001
-53.65501800000001
-215.370157
-173.447628
-166.808735
-83.52946200000001
-109.598522
-131.010596
-101.187434
-98.002436
-245.35174899999998
-143.847338
-204.007341
-164.264919
-52.831291
-94.99096600000001
-129.629544
-133.666817
-87.09382400000001
-163.708151
-85.841389
-141.006634
-59.240232999999996
-70.887601
-121.195165
-156.18717
-123.95007400000001
-259.550128
-88.38520500000001
-134.796449
-161.715846
-94.11595700000001
-106.710412
-191.10891900000001
-116.80513800000001
-140.096555
-177.372496
-80.711492
-83.77368700000001
-287.60817399999996
-106.08156600000001
-107.936794
-180.100795
-111.20952500000001
-167.25503600000002
-194.550478
-144.19357000000002
-155.837619
-170.938882
-132.619661
-124.132619
-76.419596
-168.60422100000002
-181.121341
-144.55020000000002
-69.31166800000001
-211.508907
-150.549849
-136.54259100000002
-64.18370900000001
-79.77867900000001
-75.22690300000001
-93.72231900000001
-91.91449700000001
-134.685982
-50.240069000000005
-122.69570100000001
-124.78613700000001
-111.959793
-144.56253600000002
-103.02130900000002
-161.693112
-272.715509
-175.564674
-170.828415
-106.253713
-212.541789
-164.68129100000002
-139.951018
-84.96831800000001
-235.722739
-66.43395600000001
-96.686383
-123.275203
-117.80295000000001
-77.723313
-138.350413
-177.81879700000002
-60.432926
-146.587973
-154.16493599999998
-133.013299
-73.234598
-134.671708
-82.22436400000001
-114.349055
-157.87733
-90.83614700000001
-134.095525
-93.19354200000001
-110.71775600000001
-79.80141300000001
-136.44446
-84.15498900000001
-94.744803
-100.86919300000001
-149.887314
-72.521338
-181.46757300000002
-80.73616400000002
-88.56968800000001
-132.681341
-86.50586200000001
-183.298129
-123.93773800000001
-67.243966
-126.028174
-64.171373
-115.55076500000001
-65.29060700000001
-114.96224600000001
-151.07862599999999
-115.14479100000001
-72.793554
-166.967165
-221.153572
-129.092307
-93.07073900000002
-169.20701400000002
-97.28861900000001
-90.48991500000001
-108.274009
-100.487891
-234.765254
-107.69450700000002
-73.015045
-134.378139
-186.95409999999998
-96.29274500000001
-99.67262400000001
-165.78818900000002
-86.60205500000001
-150.381021
-101.51745400000001
-184.34528500000002
-120.06221400000001
-95.34759600000001
-165.777791
-97.54711800000001
-136.370444
-61.67302500000001
-164.74629000000002
-81.24220700000001
-243.556263
-75.79268800000001
-181.99635
-228.579741
-144.437795
-163.855626
-126.48487300000001
-93.527438
-115.34161000000002
-146.946541
-191.697438
-90.906287
-132.277305
-155.296506
-142.215539
-185.645126
-154.67291699999998
-107.53275800000002
-151.644411
-61.51709
-109.80767700000001
-200.416369
-112.94526900000001
-118.66368500000002
-209.651741
-60.345193
-194.90002900000002
-134.648974
-165.257474
-110.543671
-128.524584
-152.062164
-199.892849
-121.79795800000001
-120.93528500000001
-85.54450100000001
-96.24533900000002
-72.91497600000001
-48.649862
-154.056407
-124.566584
-211.43682900000002
-259.819025
-73.406745
-114.17497
-301.407658
-106.81048100000001
-174.663612
-183.570345
-110.53327300000001
-89.444697
-77.872726
-116.94027700000001
-112.867934
-110.42612500000001
-109.63553
-79.184903
-82.940943
-128.698669
-121.42899200000001
-106.36611800000001
-163.623737
-115.32927400000001
-86.66373500000002
-76.973045
-119.953128
-162.61552700000001
-146.774394
-81.74299300000001
-58.934328
-154.38504600000002
-66.040318
-126.52381900000002
-112.63604500000001
-148.64527700000002
-241.997923
-122.77109800000001
-105.93409100000001
-89.63957800000001
-136.258039
-131.170407
-221.063901
-105.515781
-181.734532
-109.77260700000001
-149.541082
-128.547318
-102.63806900000002
-72.238724
-141.191117
-117.82374600000001
-85.64125100000001
-83.41705700000001
-218.40768
-140.651942
-50.914383
-84.32713600000001
-149.137046
-96.14527000000001
-116.13220500000001
-78.60872
-97.669921
-89.24787800000001
-132.447514
-139.23582
-139.492381
-198.882701
-148.163906
-115.466351
-122.37746000000001
-295.678844
-155.062679
-121.393922
-157.661096
-118.39146900000001
-75.92782700000001
-353.49323100000004
-131.871331
-124.88814400000001
-110.65801400000001
-97.622515
-160.324396
-153.660831
-111.79096500000001
-142.876136
-141.939447
-136.554927
-104.28608000000001
-73.39302800000002
-61.10917799999999
-155.112023
-158.456832
-102.10929200000001
-160.867447
-198.424064
-161.01492199999998
-129.843956
-159.279178
-116.04447200000001
-64.66508
-73.847789
-149.984064
-143.402975
-92.31007300000002
-365.25676400000003
-229.415804
-87.327651
-90.98362200000001
-103.04404300000002
-105.68986600000001
-106.05689400000001
-166.63852599999998
-75.583533
-153.783634
-99.108777
-191.488283
-194.66288300000002
-216.886348
-120.01287
-91.46167400000002
-114.468539
-138.438146
-100.95166900000001
-137.732081
-157.965063
-118.588288
-253.99014200000002
-61.453472000000005
-91.238245
-71.15649800000001
-86.06094200000001
-267.390731
-113.80462299999999
-113.47404600000002
-101.64219500000002
-248.376936
-129.434663
-81.068122
-265.964211
-176.190201
-257.247218
-239.56319299999998
-156.503473
-63.248957999999995
-120.028525
-102.38206500000001
-94.390111
-131.207415
-165.812861
-102.627671
-288.409167
-97.65758500000001
-120.332492
-176.76638400000002
-81.42669000000001
-288.27209
-161.289076
-115.14479100000001
-79.00042
-129.547068
-67.26863800000001
-254.648801
-204.34969700000002
-102.61533500000002
-208.19015100000001
-119.79331700000002
-93.489049
-139.335889
-70.93694500000001
-135.66952
-85.15280100000001
-107.81537200000001
-104.43355500000001
-119.48409300000002
-70.58877500000001
-221.065839
-187.305473
-119.29961000000002
-236.989448
-114.82516900000002
-117.296907
-101.064074
-101.21348700000001
-70.03726400000001
-178.46511999999998
-108.416227
-99.85904500000001
-147.944353
-196.319354
-125.85796500000001
-174.51945600000002
-138.719379
-107.376266
-178.366989
-84.33947200000001
-185.033873
-153.024906
-86.182364
-82.03794300000001
-58.305482000000005
-124.61399000000002
-82.84281200000001
-190.158513
-135.841667
-134.752362
-169.257739
-149.051251
-130.125189
-69.57016700000001
-90.426854
-223.312767
-171.3942
-168.90818800000002
-118.012105
-136.395116
-187.725164
-217.499539
-143.232766
-126.19186100000002
-168.65356500000001
-134.77177700000001
-66.43395600000001
-86.995693
-85.92580300000002
-88.95099
-87.47706400000001
-154.42149700000002
-96.183659
-215.568914
-231.667989
-105.944489
-110.498203
-195.91531799999998
-70.22174700000001
-68.289184
-71.598923
-130.826113
-108.540968
-117.296907
-144.882158
-121.04769
-292.736133
-137.475404
-148.620605
-160.36140400000002
-102.26064300000002
-177.156262
-148.436122
-86.51957900000001
-202.90238100000002
-269.63058
-155.099687
-136.91155700000002
-96.811124
-117.14749400000001
-133.013299
-91.09077
-206.80063900000002
-72.017233
-75.436058
-112.8452
-102.170972
-117.32351700000001
-121.56606900000001
-65.12885800000001
-76.30912900000001
-157.007578
-169.045265
-67.381043
-59.018741999999996
-285.371644
-138.459499
-57.899508000000004
-240.703223
-150.920196
-90.477579
-115.15712700000002
-171.87169500000002
-111.74024000000001
-97.97582600000001
-47.913868
-234.647708
-90.93095900000002
-155.742807
-92.888194
-109.27890000000001
-86.02255300000002
-123.11539200000001
-101.33297100000001
-168.751696
-63.90247600000001
-70.77519600000001
-96.44022000000001
-57.92418
-120.137611
-126.71870000000001
-74.32916
-216.208158
-141.560083
-135.327164
-110.30138400000001
-68.992046
-117.63080300000001
-292.451581
-103.34093100000001
-182.38805
-196.101739
-296.219957
-146.640636
-174.28231000000002
-129.274852
-170.62119800000002
-123.91306600000001
-128.292695
-83.63854800000001
-181.51497899999998
-246.90301000000002
-217.55220200000002
-203.87026400000002
-208.57671
-86.809272
-124.087151
-313.158971
-175.308113
-138.612231
-81.47409600000002
-225.320727
-86.235027
-112.86987200000002
-74.65072
-76.48127600000001
-72.621407
-91.47207200000001
-145.323202
-115.71057600000002
-146.196273
-180.594502
-121.564131
-109.83428700000002
-170.61926
-92.55236000000001
-140.69741
-103.153129
-141.143711
-160.870766
-246.386569
-72.277113
-183.691767
-153.625761
-110.28904800000001
-48.786939000000004
-168.000047
-73.765313
-113.30383700000002
-74.95800600000001
-141.203453
-104.01580200000001
-118.16997800000001
-270.16837400000003
-292.170348
-65.942187
-77.673969
-137.932103
-115.07271300000001
-79.947507
-120.29936000000001
-314.109261
-74.982678
-61.98224900000001
-113.353181
-276.49096399999996
-222.847051
-76.86257800000001
-111.08672200000001
-78.079943
-122.89251999999999
-99.59014800000001
-231.729669
-145.707823
-124.94594800000002
-142.50717
-63.582854000000005
-149.606081
-113.76567700000001
-224.285907
-130.175914
-171.10063100000002
-198.79303
-222.739903
-183.963983
-112.40415600000001
-89.430423
-76.948373
-152.283655
-87.636875
-67.159552
-99.22118200000001
-112.15661200000001
-145.30046800000002
-145.694106
-140.392062
-64.333122
-184.420682
-76.67809500000001
-70.875265
-45.970907000000004
-201.818217
-114.136581
-108.89953600000001
-205.105222
-95.076761
-86.49158800000001
-146.257953
-73.111795
-101.447314
-109.95515200000001
-144.425459
-92.87392000000001
-129.70687900000001
-75.892757
-96.26807300000002
-149.999719
-66.47096400000001
-110.949645
-63.213888000000004
-103.74690500000001
-123.26148599999999
-188.819726
-83.615814
-132.669005
-142.70730799999998
-157.808571
-143.57706000000002
-65.59789300000001
-103.95218400000002
-75.820679
-76.01556000000001
-160.463411
-167.783813
-229.45281200000002
-71.10715400000001
-63.790071000000005
-336.38207
-163.599065
-167.05295999999998
-107.15339399999999
-94.716812
-95.971185
-78.93028000000001
-126.78884000000001
-43.374428
-75.53418900000001
-82.21202800000002
-190.99845200000001
-65.41341000000001
-153.799846
-227.276024
-88.23773000000001
-90.758812
-94.70447600000001
-142.914525
-88.29747200000001
-141.428263
-40.326507
-83.40472100000001
-139.300819
-101.77733400000001
-151.61072199999998
-114.62835000000001
-87.327651
-98.77488100000001
-81.10706800000001
-93.62750700000001
-111.346602
-46.979674
-49.856829000000005
-67.28291200000001
-71.80807800000001
-212.629522
-101.17316000000001
-87.143168
-69.116787
-125.61180200000001
-84.44993900000001
-66.35855900000001
-117.45671800000001
-202.54575100000002
-193.104543
-153.14439
-123.312211
-45.247249000000004
-87.44005600000001
-178.292973
-124.04820500000001
-67.403777
-105.97248
-72.765563
-113.74820000000001
-109.95515200000001
-73.921805
-130.789105
-134.687363
-62.697447000000004
-58.19639600000001
-94.92596700000001
-93.75932700000001
-50.57008900000001
-118.403805
-68.88157899999999
-132.644333
-97.964871
-82.668727
-119.77058300000002
-123.127728
-101.51745400000001
-79.45905700000002
-199.313347
-105.40863300000001
-61.430738
-69.448745
-53.804431
-71.57287000000001
-87.60888400000002
-95.888709
-87.25751100000001
-109.79534100000001
-53.126241
-70.79793000000001
-213.355118
-252.693504
-96.06085600000002
-123.66884100000001
-67.20889600000001
-165.391232
-93.39229900000001
-72.742829
-148.792752
-104.65504600000001
-78.596384
-106.48754
-90.15795700000001
-72.277113
-158.962875
-53.388059
-110.37678100000001
-151.80228400000001
-62.425231000000004
-94.781811
-117.38132100000001
-161.63143200000002
-115.29420400000001
-65.870109
-87.56147800000001
-85.029998
-64.628072
-142.335023
-41.187242000000005
-69.27466000000001
-48.086014999999996
-121.17049300000001
-31.545896
-93.652179
-170.71601
-76.062966
-82.668727
-109.19448600000001
-121.19710300000001
-83.56453200000001
-327.353915
-80.61142300000002
-96.09786400000002
-85.61851700000001
-69.485753
-72.927312
-62.240748
-102.33078300000001
-50.25046699999999
-89.87146700000001
-45.195967
-160.484207
-66.96467100000001
-106.15558200000001
-108.725451
-127.012269
-79.77867900000001
-73.515831
-64.650806
-71.256567
-75.311317
-122.49694400000001
-107.376266
-153.037242
-144.155181
-113.066691
-107.93873200000002
-115.15712700000002
-191.844913
-63.792009
-63.742665
-56.509995999999994
-81.68518900000001
-58.80764900000001
-103.818983
-107.80497400000002
-103.293525
-77.479088
-95.67761600000001
-87.58946900000001
-85.39702600000001
-124.72639500000001
-88.85092100000001
-101.93714500000002
-149.024641
-85.76599200000001
-55.53823700000001
-67.036749
-68.415863
-62.388223
-104.23673600000001
-151.754878
-130.664364
-51.076132
-68.598408
-141.006634
-48.491989
-106.04455800000001
-85.628915
-118.56361600000001
-148.977235
-129.484007
-106.453851
-105.74960800000001
-61.320271000000005
-77.059397
-67.305646
-70.334152
-62.338879000000006
-60.271177
-70.615385
-92.38215100000001
-79.494127
-91.98851300000001
-98.555328
-69.95478800000001
-74.415512
-158.272349
-142.691653
-68.21572499999999
-78.37683100000001
-53.978516000000006
-70.984351
-133.726559
-89.16014500000001
-67.61487
-107.10405000000002
-49.661948
-108.284407
-45.282318999999994
-52.230436000000005
-207.10792500000002
-79.56814299999999
-48.62712799999999
-63.470448999999995
-64.99510000000001
-43.521903
-47.975547999999996
-41.46985600000001
-79.32198000000001
-53.168506
-122.31439900000001
-66.99835999999999
-77.206872
-59.622916000000004
-88.34875400000001
-139.926346
-119.02031500000001
-44.654854
-102.037214
-69.49808900000001
-97.71926500000001
-48.247764000000004
-156.37873199999999
-70.838257
-70.838257
-61.18457500000001
-66.90161
-157.573363
-45.637010999999994
-98.02848900000001
-36.83366600000001
-65.05678
-83.43979100000001
-58.614706000000005
-120.19929100000002
-216.591398
-57.397341000000004
-140.848761
-61.896454
-100.97827900000001
-66.28648100000001
-67.233568
-124.31904
-133.679153
-65.41341000000001
-71.44105
-101.15374500000001
-148.237922
-76.25978500000001
-90.721804
-175.28344099999998
-87.523089
-74.32916
-67.026351
-75.36398000000001
-43.117867
-57.999577
-82.65639100000001
-66.618996
-112.45018100000001
-55.243287
-107.97712100000001
-61.92250700000001
-90.76921000000002
-53.38474
-91.48440800000002
-70.355505
-140.14589900000001
-61.18457500000001
-110.940628
-69.86511700000001
-102.812154
-54.874321
-62.437566999999994
-85.96281100000002
-60.740212
-106.43625800000001
-64.628072
-107.768523
-75.46073000000001
-88.09219300000001
-91.76896
-48.417973
-74.798195
-87.364659
-67.087474
-107.85238000000001
-121.416656
-47.938539999999996
-71.980225
-81.94313100000001
-115.93538600000001
-104.96427000000001
-92.61735900000001
-177.841531
-105.18188500000001
-79.96316200000001
-59.941157
-62.941672000000004
-69.76504800000001
-122.551545
-68.62169899999999
-55.35375400000001
-107.263861
-58.89732000000001
-94.608283
-72.11730200000001
-72.86757
-107.96672300000002
-69.62089200000001
-50.06598399999999
-116.42383600000001
-97.438032
-51.554184
-126.20032100000002
-86.28769000000001
-93.62225000000001
-90.43017300000001
-102.87383400000002
-96.122536
-42.157063
-91.09077
-95.66389900000001
-42.773573
-51.873805999999995
-83.51518800000001
-181.11094300000002
-60.949367
-55.77206399999999
-77.206872
-108.93460600000002
-78.68079800000001
-136.050822
-132.322773
-55.475176
-51.332693
-43.95393
-52.550058
-68.31579400000001
-132.644333
-84.587016
-36.723199
-102.28337700000002
-73.49115900000001
-62.006921
-52.871618000000005
-90.635452
-120.974231
-41.666675
-92.50689200000001
-85.85372500000001
-103.079113
-158.715331
-94.52193100000001
-44.556723
-47.140866
-79.701344
-78.916563
-97.86674000000001
-49.082446
-43.60963600000001
-82.912952
-48.530378000000006
-56.929687
-99.03338000000001
-74.835203
-49.00649200000001
-73.052053
-57.298653
-60.42059
-59.730064000000006
-89.86106900000001
-45.294655
-60.05356200000001
-55.257561
-111.77531
-40.412302
-102.687413
-79.508401
-126.43414800000001
-101.580515
-108.70077900000001
-56.116358
-100.769124
-52.906687999999995
-85.864123
-95.786702
-62.179067999999994
-66.852266
-63.949882
-64.05896800000001
-89.850671
-92.90899000000002
-88.913982
-57.948851999999995
-61.699634999999994
-137.846308
-159.92561700000002
-117.643139
-90.11763
-138.724636
-41.728355
-86.37210400000001
-43.818791
-76.175371
-114.99537800000002
-76.47087800000001
-95.950389
-69.38568400000001
-60.236107
-125.83135500000002
-30.992447000000002
-57.911843999999995
-63.248957999999995
-76.12658400000001
-98.27271400000001
-90.744538
-59.744338000000006
-102.235971
-220.724864
-78.227418
-114.64068600000002
-139.063673
-86.247363
-52.390246999999995
-64.64040800000001
-74.894945
-43.89418800000001
-74.65918
-102.53800000000001
-126.83110500000001
-55.266021
-65.845437
-67.737673
-90.330104
-80.084584
-117.60419300000001
-72.988992
-42.232459999999996
-124.26969600000001
-47.76445500000001
-48.799275
-95.763968
-51.170944
-81.08239600000002
-109.12948700000001
-108.713115
-66.00524800000001
-80.24439500000001
-35.234999
-49.648231
-84.646758
-101.08874600000001
-44.263154
-80.858967
-61.873720000000006
-134.035783
-78.262488
-75.96483500000001
-68.95697600000001
-90.22295600000001
-78.977686
-52.32856700000001
-85.36001800000001
-66.43395600000001
-65.80511000000001
-55.7844
-102.170972
-62.179067999999994
-80.62707800000001
-121.55179500000001
-221.445203
-106.475204
-83.260565
-49.389732
-56.659409000000004
-51.383418000000006
-85.15280100000001
-61.09546100000001
-66.423558
-116.130267
-76.40726000000001
-144.525528
-96.737108
-140.981962
-116.67138000000001
-54.13638900000001
-67.24590400000001
-65.78237600000001
-49.155905
-86.382502
-122.89251999999999
-58.477629
-70.23408300000001
-82.13995000000001
-75.09176400000001
-55.95654699999999
-62.769524999999994
-91.410949
-177.825876
-69.92485900000001
-62.707845
-78.15534000000001
-103.41300900000002
-41.996695
-41.371725000000005
-72.828624
-60.332857
-53.275653999999996
-56.729549
-55.686269
-65.37834000000001
-74.401238
-104.98700400000001
-53.988914
-47.852188
-80.79590600000002
-48.170429
-69.248607
-115.53842900000001
-79.87542900000001
-85.938139
-48.885627
-101.803944
-72.386199
-90.906287
-86.37918300000001
-52.377911000000005
-50.25046699999999
-44.704198
-85.91346700000001
-45.354397
-82.42256400000001
-105.68792800000001
-54.173397
-65.36406600000001
-54.96205400000001
-46.227467999999995
-177.479644
-70.875265
-97.84206800000001
-50.572027
-66.12860800000001
-81.52150200000001
-67.43038700000001
-83.724343
-161.376809
-105.05200300000001
-131.03333
-107.66789700000001
-36.194422
-47.54684
-51.100804000000004
-65.36406600000001
-105.737272
-47.54490200000001
-31.86358
-83.14484100000001
-102.86149800000001
-58.036585
-63.089147000000004
-63.275568
-50.939055
-68.62308
-47.801463
-69.45914300000001
-38.432333
-103.38639900000001
-68.40352700000001
-82.34716700000001
-68.70749400000001
-49.51253499999999
-62.978680000000004
-93.20587800000001
-86.49158800000001
-108.69231900000001
-47.768331
-32.96008
-43.068523
-50.360934
-51.14821
-53.755087
-49.305318
-53.312661999999996
-90.64972600000002
-78.055271
-40.412302
-82.410228
-126.12492400000001
-67.825406
-76.51828400000001
-54.245475000000006
-50.322545
-57.026436999999994
-111.369336
-53.103507
-49.646293
-138.485552
-58.799189000000005
-83.181849
-66.22342
-205.962638
-80.463948
-63.607526
-74.39084
-52.562394000000005
-41.888166
-64.83722700000001
-93.04606700000001
-44.619783999999996
-309.1113
-132.452771
-141.67248800000002
-105.80033300000001
-84.98065400000002
-90.131347
-54.75483700000001
-110.998989
-43.80645499999999
-92.01318500000001
-72.10164700000001
-65.007436
-47.040797
-54.335146
-59.622916000000004
-107.28853300000002
-43.48489500000001
-52.6098
-44.251375
-79.002358
-57.70268900000001
-79.63120400000001
-72.02956900000001
-89.54282800000001
-81.65857900000002
-94.30044000000001
-62.316145
-76.14738000000001
-116.362713
-120.14994700000001
-100.49690800000002
-72.978037
-85.275604
-153.17946
-177.235419
-57.727360999999995
-71.746398
-66.767852
-70.356886
-59.129209
-49.192913
-91.127778
-111.72596600000001
-75.75568000000001
-96.32975300000001
-72.06657700000001
-97.287238
-55.40309799999999
-65.03210800000001
-77.885062
-61.22158300000001
-78.092279
-140.502529
-56.116358
-106.77209200000001
-162.36936400000002
-63.087209
-97.83167
-163.09496000000001
-112.4535
-121.416656
-42.294140000000006
-117.51646000000001
-111.35893800000001
-71.892492
-47.741721000000005
-26.466724
-94.96435600000001
-60.188701
-72.705821
-67.934492
-48.59012
-56.829618
-63.148889000000004
-66.24947300000001
-82.81288300000001
-138.006119
-57.50587
-83.599602
-36.376967
-61.193592
-56.485324
-76.446206
-51.859532
-62.857258
-72.90264
-97.682257
-49.21758500000001
-108.19861200000001
-67.09981
-48.43030900000001
-56.522332
-305.061691
-465.362646
-400.196106
-237.690372
-507.73147600000004
-342.46945200000005
-435.52521
-457.9929
-474.589558
-471.77158800000007
-447.496076
-499.21976200000006
-390.55476
-420.808568
-202.174847
-52.931360000000005
-36.82133
-67.02441300000001
-63.248957999999995
-80.491939
-81.806054
-37.90355600000001
-59.448831
-97.202824
-60.766822000000005
-48.170429
-87.157442
-42.638434
-118.83583200000001
-104.13666700000002
-79.309644
-178.285894
-188.09413
-88.66643800000001
-59.928821000000006
-71.66060300000001
-98.725537
-64.30651200000001
-45.898829
-196.361619
-54.013586
-86.047225
-127.60410700000001
-82.838936
-89.44137800000001
-58.04698300000001
-164.015437
-62.755250999999994
-97.02873900000002
-66.17407600000001
-57.467481
-100.37548600000001
-74.476635
-49.88150099999999
-85.28462100000002
-85.44775100000001
-68.31579400000001
-51.443160000000006
-101.45771200000001
-90.23003500000002
-61.61328300000001
-126.37246800000001
-81.86579600000002
-66.05127300000001
-48.99609399999999
-66.298817
-81.57416500000001
-74.314886
-70.73818800000001
-66.999741
-30.526731
-76.913303
-128.045151
-116.53292200000001
-95.65488200000001
-152.16417099999998
-63.456175
-73.097521
-108.93460600000002
-64.466323
-82.13995000000001
-68.819899
-88.29941
-40.793603999999995
-72.76750100000001
-31.596621000000003
-64.134365
-95.94651300000001
-64.08695900000001
-73.997202
-103.77157700000001
-77.74798500000001
-76.14738000000001
-117.44632000000001
-47.866462
-74.52736
-60.74215
-91.22590900000002
-188.515759
-50.397942
-49.808042
-61.969913000000005
-125.659208
-64.51566700000001
-82.62978100000001
-59.889875
-60.96170299999999
-138.846058
-60.360848000000004
-59.633314
-80.94338100000002
-154.707987
-76.765828
-55.29401200000001
-68.637354
-64.72288400000001
-104.716726
-84.43760300000001
-85.665923
-57.22131800000001
-66.667783
-182.746618
-62.47457500000001
-90.992639
-49.020766
-45.466801999999994
-89.70125800000001
-60.248443
-80.88557700000001
-63.874485
-131.093072
-180.814055
-68.192434
-79.13749700000001
-74.675392
-94.472587
-64.895031
-59.559855000000006
-58.539308999999996
-100.40347700000001
-177.152943
-124.515859
-75.07942800000001
-163.441192
-72.99093
-47.407825
-71.685275
-89.135473
-122.228047
-117.444382
-95.08909700000001
-84.70843800000002
-63.851751
-66.83993000000001
-143.236085
-66.41122200000001
-61.429357
-42.58909
-84.16538700000001
-65.06911600000001
-101.43110200000001
-73.94785800000001
-59.363036
-44.54438699999999
-71.72034500000001
-92.24839300000001
-83.16049600000001
-99.39001000000002
-49.68468200000001
-62.548033999999994
-72.43360500000001
-61.170858
-55.636925
-96.13099600000001
-167.44466
-59.756674
-62.068600999999994
-62.006921
-73.15920100000001
-71.58658700000001
-61.404128
-66.939999
-34.583419
-95.01370000000001
-85.56723500000001
-103.177244
-71.930881
-70.688844
-35.347404
-132.561857
-131.42696800000002
-82.58431300000001
-67.19656
-43.72066
-81.43902600000001
-61.959515
-100.74445200000001
-68.69709599999999
-63.837477
-79.48179100000002
-58.981733999999996
-61.884117999999994
-160.681026
-159.895688
-74.956068
-63.039803000000006
-101.87408400000001
-58.245740000000005
-91.66889100000002
-59.86520300000001
-43.892807
-92.23993300000001
-63.507456999999995
-121.20750100000001
-80.430816
-162.648659
-310.996341
-68.807563
-65.130239
-83.10783300000001
-57.407739
-102.95769100000001
-29.344436
-63.359425
-69.76504800000001
-63.02802400000001
-45.811096
-190.787359
-46.079993
-62.326543
-69.139521
-110.09029100000001
-106.69807600000001
-74.819548
-93.20587800000001
-101.93714500000002
-44.237101
-134.095525
-116.21468100000001
-59.535182999999996
-98.578062
-45.860440000000004
-65.191919
-120.826199
-62.56037
-64.73715800000001
-64.023898
-60.184825000000004
-52.464262999999995
-46.745847000000005
-75.71867200000001
-57.061507
-127.61450500000001
-56.682143
-95.196245
-57.801376999999995
-172.147787
-97.86674000000001
-58.844657000000005
-72.54601000000001
-57.397341000000004
-49.243638000000004
-97.76667100000002
-90.057888
-32.085071
-48.44264499999999
-62.954007999999995
-90.06828600000001
-53.792094999999996
-119.44902300000001
-35.234999
-155.999368
-105.29429
-59.622916000000004
-60.664815
-89.66425000000001
-74.845601
-109.17883100000002
-56.509995999999994
-50.584363
-89.94880200000001
-75.827758
-61.219645
-120.840473
-69.49615100000001
-61.90685199999999
-106.33812700000001
-88.43261100000001
-79.209575
-112.30408700000001
-85.02806000000001
-124.09754900000001
-29.860877000000002
-67.87281200000001
-65.36406600000001
-65.350349
-42.58909
-87.70895300000001
-41.015094999999995
-83.775625
-116.93126000000001
-106.22904100000001
-67.516182
-66.038937
-48.086014999999996
-55.450504
-95.938053
-76.122708
-65.06911600000001
-69.324004
-65.45041800000001
-73.65290800000001
-105.34363400000001
-68.132692
-47.878798
-35.505834
-97.794662
-77.972795
-60.248443
-199.321807
-35.591629
-85.693914
-34.706222
-91.06609800000001
-80.42694000000002
-50.238131
-44.173483000000004
-67.57786200000001
-124.78613700000001
-130.307734
-43.117867
-63.054077
-66.829532
-33.896212000000006
-51.763338999999995
-55.009460000000004
-73.02544300000001
-84.70843800000002
-72.60768999999999
-53.769361
-59.832071
-100.842583
-80.92064700000002
-59.819735
-55.68433100000001
-121.36925000000001
-52.744939
-160.289326
-116.29909500000001
-51.564581999999994
-99.699234
-117.03702700000001
-61.98224900000001
-32.24682
-83.40472100000001
-175.66280500000002
-65.99153100000001
-95.210519
-59.891813000000006
-202.621148
-80.98370800000001
-162.970219
-66.214403
-88.68209300000001
-51.14627200000001
-92.503016
-120.051816
-64.33118400000001
-25.212351
-72.461596
-85.41130000000001
-100.27873600000001
-113.73254500000002
-98.532594
-61.341067
-47.557238000000005
-183.248785
-52.14408400000001
-37.339709
-60.715540000000004
-71.959429
-54.55469900000001
-46.73489200000001
-47.397427
-49.611223
-62.65905800000001
-285.456058
-103.48702500000002
-90.69713200000001
-185.105951
-68.94270200000001
-52.968368000000005
-35.49156
-50.779244
-63.089147000000004
-47.018063
-46.020250999999995
-50.631769
-53.706300000000006
-98.76448300000001
-56.52565100000001
-82.18541800000001
-72.927312
-156.784706
-40.646128999999995
-53.927234
-59.151943
-58.637440000000005
-52.70986900000001
-96.03424600000001
-95.59182100000001
-80.98232700000001
-68.64775200000001
-89.71359400000001
-114.948529
-73.57889200000001
-72.21405200000001
-73.28587999999999
-72.584399
-81.12980200000001
-82.115278
-101.37136000000001
-103.76963900000001
-95.756889
-42.072649
-60.74215
-79.35705
-107.249587
-147.991759
-132.003151
-45.07122600000001
-145.29853
-73.15018400000001
-82.81288300000001
-92.16066000000001
-86.65139900000001
-76.837906
-57.495472
-63.640658
-67.08415500000001
-37.387115
-28.284944
-77.733711
-81.34935500000002
-124.981018
-65.573221
-62.041991
-66.38516899999999
-89.44082100000001
-72.890304
-64.72288400000001
-188.73531200000002
-65.87912600000001
-75.57119700000001
-58.365224000000005
-79.98589600000001
-76.34751800000001
-75.01774800000001
-111.85070700000001
-104.445891
-66.815258
-74.931953
-84.771499
-134.636638
-80.30939400000001
-117.63080300000001
-66.089662
-33.265985
-72.05230300000001
-77.63696100000001
-157.47135600000001
-125.98076800000001
-90.24043300000001
-143.357507
-60.81560900000001
-92.09898000000001
-44.804266999999996
-149.239053
-39.871189
-102.36779100000001
-26.848026
-75.76607800000001
-111.134128
-135.559053
-176.41694900000002
-88.32214400000001
-85.53410300000002
-119.92845600000001
-64.28184
-66.739861
-63.064474999999995
-130.50455300000002
-64.148639
-35.321351
-57.927499000000005
-72.371925
-108.799467
-82.00093500000001
-64.503331
-52.365575
-123.09072
-54.161061
-87.69855500000001
-70.356886
-85.49571399999999
-85.310674
-89.873405
-83.77368700000001
-90.057888
-34.977057
-72.521338
-82.299761
-55.40309799999999
-58.31588
-48.72525900000001
-47.00378900000001
-70.30948000000001
-83.886092
-161.621034
-91.59487500000002
-111.236135
-50.45768399999999
-189.917607
-62.511026
-145.483013
-59.400044
-73.995264
-128.04847
-97.87907600000001
-57.014101000000004
-84.70981900000001
-226.942128
-84.36414400000001
-79.27457400000002
-60.996773
-90.23003500000002
-96.32781500000002
-96.30508100000002
-56.877024
-79.826085
-45.995579
-74.222012
-55.796736
-52.093359
-36.157414
-71.574251
-99.049035
-57.567550000000004
-45.452528
-79.369386
-78.33982300000001
-89.30762000000001
-147.57344899999998
-65.20287400000001
-76.51634600000001
-82.705735
-79.172567
-56.093624
-81.48643200000001
-38.174391
-44.839337
-47.237615999999996
-67.99755300000001
-65.05484200000001
-110.69308400000001
-102.32884500000002
-72.091249
-104.99934
-35.431818
-150.15427300000002
-62.562308
-62.29009200000001
-114.33146200000002
-70.07427200000001
-150.022453
-71.68333700000001
-111.877317
-74.194021
-36.120406
-55.243287
-84.01791200000001
-95.28785400000001
-92.74210000000001
-95.298252
-41.753026999999996
-83.798359
-109.37896900000001
-62.535698000000004
-47.604644
-83.63661
-158.88554000000002
-112.74706900000001
-117.149432
-51.601589999999995
-81.644305
-89.04774
-58.475691000000005
-97.425696
-79.67861
-59.326028
-75.55886100000001
-171.07264
-85.00338800000002
-96.29274500000001
-45.638949000000004
-83.36771300000001
-70.02299000000001
-50.963727
-64.64040800000001
-68.745883
-140.512927
-66.33720600000001
-71.62359500000001
-214.07557300000002
-88.235792
-103.70989700000001
-83.71200700000001
-72.50900200000001
-52.587066
-34.040368
-88.36109
-80.45161200000001
-87.63493700000001
-60.149755
-125.105759
-138.921455
-45.429793999999994
-60.469934
-63.642596000000005
-102.281439
-79.162169
-88.68209300000001
-67.02441300000001
-66.790586
-90.52692300000001
-140.180969
-146.614583
-49.537207
-83.722962
-68.807563
-108.25835400000001
-76.040232
-60.014616000000004
-221.629686
-29.504247
-31.631691
-82.12567600000001
-49.303380000000004
-74.525979
-146.480825
-76.386464
-76.221396
-94.30044000000001
-71.69567300000001
-59.349319
-92.61735900000001
-83.41705700000001
-65.62062700000001
-118.71109100000001
-48.467317
-73.628236
-79.518799
-62.316145
-104.939598
-60.295849
-95.66528000000001
-47.040797
-93.41503300000001
-71.229957
-43.671316
-77.01005300000001
-81.84112400000001
-62.216075999999994
-83.51380700000001
-82.09962300000001
-204.980481
-64.36625400000001
-33.097157
-56.15142800000001
-134.392413
-97.313291
-125.903433
-44.67952600000001
-48.676472
-100.016918
-150.010117
-141.275531
-55.35237300000001
-51.172881999999994
-98.370845
-111.02698000000001
-83.613876
-85.727046
-35.850128000000005
-57.014101000000004
-73.700314
-61.10917799999999
-59.916485
-92.638712
-106.22904100000001
-106.423922
-135.976806
-115.13051700000001
-59.403363
-70.19707500000001
-64.382466
-49.340388
-120.66832600000001
-210.81324
-58.884984
-47.151264
-99.96951200000001
-74.142739
-111.45375000000001
-79.910499
-60.136038000000006
-112.48857000000001
-84.15498900000001
-84.71883600000001
-46.696503
-153.478286
-122.597013
-122.449538
-95.12610500000001
-84.68182800000001
-96.44022000000001
-122.62168500000001
-67.20889600000001
-82.49464200000001
-91.39805600000001
-156.723026
-67.09981
-102.75047400000001
-62.59544
-85.77639
-70.638119
-60.332857
-110.33839200000001
-102.355455
-63.999226
-106.453851
-62.363550999999994
-105.478773
-67.17188800000001
-137.652808
-46.144992
-61.748979
-55.378426000000005
-92.42054
-81.10513000000002
-98.11290300000002
-200.31961900000002
-102.871896
-148.485466
-91.19985600000001
-69.176529
-53.777821
-92.07486500000002
-86.11028600000002
-81.26356000000001
-56.841953999999994
-47.496114999999996
-50.986461
-87.51019600000001
-86.24542500000001
-95.135122
-129.21317200000001
-83.43979100000001
-90.99402
-77.870788
-277.03207699999996
-70.53097100000001
-72.80257100000001
-83.724343
-131.195079
-147.448708
-80.40614400000001
-42.476684999999996
-104.84992700000001
-191.511017
-98.99637200000001
-52.465644
-75.339308
-112.68538900000001
-100.54569500000001
-98.80149100000001
-64.35391800000001
-127.97307300000001
-111.184853
-57.333723000000006
-88.79117900000001
-158.335967
-89.135473
-83.613876
-34.720496000000004
-58.417887
-70.75052400000001
-89.430423
-47.016124999999995
-58.206794
-154.396825
-88.01817700000001
-72.939648
-121.14444000000002
-88.37286900000001
-77.391355
-64.872297
-56.680205
-66.72752500000001
-45.921563000000006
-111.98446500000001
-66.938061
-73.07672500000001
-89.78705300000001
-78.35215900000001
-58.526973000000005
-168.679618
-86.67607100000001
-104.88887300000002
-93.673532
-107.485352
-109.289298
-146.024126
-154.19154600000002
-47.434435
-88.669757
-107.618553
-77.856514
-117.30924300000001
-63.261294
-83.466401
-47.592308
-100.510625
-75.76607800000001
-58.95706200000001
-50.644105
-71.66060300000001
-75.70633600000001
-96.266135
-77.918194
-81.15253600000001
-111.45568800000001
-98.70142200000001
-151.545723
-96.60003100000002
-108.23368200000002
-76.567071
-68.083905
-100.21373700000001
-132.707394
-33.560935
-74.167411
-61.86984399999999
-66.52030800000001
-105.77428
-104.66738200000002
-80.107318
-86.72347700000002
-45.427856000000006
-89.76293799999999
-82.81814000000001
-93.08113700000001
-82.71613300000001
-96.45255600000002
-45.749416
-70.15868599999999
-39.477551000000005
-82.90061600000001
-29.158572
-152.837104
-162.023132
-66.446292
-109.686255
-106.193971
-24.915463
-88.545016
-55.51550300000001
-43.989000000000004
-83.886092
-73.628236
-71.45338600000001
-78.619118
-84.01791200000001
-63.517855000000004
-105.52811700000001
-77.74798500000001
-68.842633
-83.77368700000001
-126.06518200000001
-63.493182999999995
-135.165415
-76.51828400000001
-50.949453000000005
-89.33229200000001
-63.187835
-104.35815800000002
-77.501822
-87.41206500000001
-56.829618
-102.30611100000002
-93.550172
-70.58877500000001
-49.561879
-102.24636900000002
-91.178503
-63.076811
-56.964757000000006
-52.524004999999995
-145.665558
-133.540138
-154.880134
-105.94642700000001
-127.417686
-38.641488
-89.11080100000001
-48.686870000000006
-56.632799000000006
-130.469483
-103.62216400000001
-89.47782900000001
-36.635466
-94.347846
-63.472387000000005
-83.230636
-91.29992500000002
-111.39400800000001
-93.56250800000001
-157.47135600000001
-66.67818100000001
-191.944982
-82.02754500000002
-96.39281400000002
-73.478823
-85.140465
-105.308564
-68.70749400000001
-183.10130999999998
-89.674648
-41.82454800000001
-105.44370300000001
-226.662833
-39.354747999999994
-70.82647800000001
-93.99121600000001
-63.899156999999995
-88.22539400000001
-89.69932000000001
-125.58381100000001
-81.767665
-119.252204
-109.18215000000001
-69.863179
-94.066613
-64.453987
-81.47215800000001
-85.40936200000002
-47.606581999999996
-69.214918
-79.17450500000001
-140.231694
-92.61735900000001
-72.816288
-99.52514900000001
-130.65258500000002
-66.15134200000001
-39.920533
-85.48144
-71.635931
-54.59170700000001
-63.63026
-35.431818
-78.89189100000002
-86.751468
-49.621621
-80.318411
-98.532594
-96.14333200000002
-141.855033
-63.60365
-132.876222
-115.34161000000002
-88.065583
-107.17419000000001
-59.953493
-152.49087200000002
-55.380364
-98.739811
-89.06007600000001
-130.392148
-75.005412
-88.37286900000001
-114.703747
-101.617523
-80.70109400000001
-99.90977000000001
-64.85996100000001
-114.49321100000002
-75.4958
-83.982842
-43.903205
-186.470791
-49.672346000000005
-83.170894
-127.55476300000001
-77.83378
-86.66373500000002
-91.740969
-46.387279
-50.322545
-89.78705300000001
-61.734705
-65.610229
-111.23419700000001
-149.293538
-92.65630500000002
-94.901295
-97.460766
-122.16498600000001
-99.09644100000001
-95.16117500000001
-78.95301400000001
-55.327701
-112.52364000000001
-55.90720300000001
-136.185961
-88.522282
-86.94828700000001
-53.595276
-110.68074800000001
-101.44537600000001
-167.618745
-127.062994
-55.671995
-95.95884900000001
-41.10089000000001
-91.19083900000001
-114.54061700000001
-144.26371
-194.910427
-72.61946900000001
-53.347732
-107.692569
-128.672059
-107.950511
-95.55481300000001
-50.814314
-64.14670100000001
-106.01988600000001
-125.57479400000001
-83.62427400000001
-92.318533
-138.70566200000002
-95.76203000000001
-76.02651499999999
-127.11040000000001
-87.16784000000001
-43.080859000000004
-214.881707
-90.19302700000001
-61.600947000000005
-71.289699
-122.76916000000001
-122.435821
-83.08509900000001
-64.268123
-160.647894
-63.470448999999995
-97.425696
-67.307027
-61.600947000000005
-87.48746200000001
-41.58088
-43.60825500000001
-82.963677
-62.386285
-109.99216000000001
-85.753656
-66.21246500000001
-95.948451
-62.377825
-76.83596800000001
-110.742428
-78.62105600000001
-62.400558999999994
-61.033781
-138.360811
-87.25225400000001
-69.52082300000001
-132.322773
-116.65572500000002
-40.349241
-63.677665999999995
-84.28819000000001
-84.227067
-37.989908
-92.51729000000002
-50.090656
-99.85710700000001
-99.70963200000001
-106.06923
-83.24822900000001
-97.534782
-74.683852
-142.111594
-27.807449
-69.116787
-117.112424
-122.389796
-126.41141400000001
-58.01191300000001
-93.81906900000001
-83.56453200000001
-85.96474900000001
-97.11841000000001
-119.97780000000002
-70.713516
-136.762144
-77.12052
-74.204419
-118.50387400000001
-94.52193100000001
-175.43285400000002
-92.66282700000001
-67.93255400000001
-75.77841400000001
-144.658729
-95.357994
-92.25741000000001
-98.75214700000001
-109.99409800000001
-80.564017
-65.22892700000001
-68.672424
-76.284457
-82.66678900000001
-92.605023
-139.59245
-87.05875400000001
-104.47250100000001
-51.836797999999995
-54.014967000000006
-72.570682
-51.576918
-152.134242
-77.294605
-47.065469
-93.57678200000001
-94.71875
-97.80699800000001
-79.83842100000001
-139.545044
-119.64584200000002
-70.653774
-44.421584
-104.15426000000001
-86.55133000000001
-58.256138
-57.848783000000005
-49.045438
-107.051387
-68.955038
-63.558182
-77.733711
-178.981561
-39.711378
-89.873405
-119.63350600000001
-136.995971
-43.142539
-114.74075500000001
-105.183823
-72.371925
-110.24872100000002
-85.755594
-114.20158
-106.92996500000001
-105.93741000000001
-151.693198
-148.999969
-84.277792
-45.749416
-72.91497600000001
-106.09528300000001
-87.04309900000001
-72.076975
-81.15253600000001
-80.76083600000001
-60.640143
-109.057409
-91.031028
-71.598923
-143.293889
-73.61590000000001
-108.528632
-203.07259
-101.679203
-152.30638900000002
-148.76808
-131.18274300000002
-105.17148700000001
-102.30611100000002
-61.61328300000001
-66.01426500000001
-81.12980200000001
-68.055357
-136.627005
-151.37357599999999
-89.44275900000001
-75.76995400000001
-113.324633
-108.65531100000001
-116.388766
-73.14880300000002
-107.64322500000002
-78.645728
-59.707330000000006
-174.726673
-71.624152
-88.471557
-164.16485
-86.073278
-145.44600499999999
-78.756195
-87.267909
-145.22313300000002
-87.364659
-213.9963
-91.74235
-159.30385
-135.003666
-90.52498500000002
-88.34819700000001
-120.44683500000001
-104.00152800000001
-88.14098000000001
-86.90934100000001
-53.410793
-52.14408400000001
-74.68579000000001
-54.025922
-86.67607100000001
-131.168469
-64.36625400000001
-89.098465
-57.492152999999995
-96.819584
-196.581172
-125.967051
-104.60376400000001
-100.24034700000001
-67.11214600000001
-68.65815
-70.08660800000001
-104.97466800000001
-161.608698
-148.07949200000002
-118.920246
-130.342804
-144.316373
-124.26969600000001
-102.66274100000001
-95.380728
-48.99609399999999
-103.32665700000001
-125.19017300000002
-96.07125400000001
-109.11908900000002
-83.44172900000001
-70.689401
-146.79004899999998
-65.26593500000001
-104.99934
-104.81291900000001
-95.82371
-131.035268
-151.521051
-117.02469100000002
-77.93246800000001
-76.394924
-124.90894000000002
-73.160582
-78.180012
-78.483979
-89.67658600000001
-74.13234100000001
-71.80669700000001
-113.81834
-103.92945000000002
-82.09962300000001
-96.58769500000001
-128.057487
-48.010618
-132.828816
-120.00772900000001
-120.262352
-118.83583200000001
-165.441957
-55.120484
-115.63656
-90.500313
-97.65758500000001
-166.474839
-66.311153
-139.850949
-146.29828
-89.57983600000001
-101.640257
-73.65290800000001
-74.134279
-97.682257
-150.020515
-137.540403
-112.45156200000001
-110.53327300000001
-169.758525
-86.43184600000001
-173.152678
-154.593644
-123.40702300000001
-143.37830300000002
-177.901273
-120.37143800000001
-69.188865
-84.7065
-111.04777600000001
-33.733082
-129.534732
-116.42383600000001
-60.79149400000001
-76.92370100000001
-110.44885900000001
-73.678961
-74.79625700000001
-100.60029600000001
-91.902718
-127.786652
-84.40059500000001
-62.484973000000004
-73.26966800000001
-164.94825
-94.495321
-106.585671
-72.336855
-115.960058
-109.31590800000001
-66.35855900000001
-92.72644500000001
-198.155167
-89.075731
-80.18271500000002
-127.77625400000001
-92.273065
-88.85092100000001
-112.21635400000001
-90.31583
-169.217412
-182.303636
-41.246984000000005
-89.70125800000001
-64.99510000000001
-64.25716800000001
-94.48492300000001
-48.539395
-89.614906
-59.006406000000005
-61.305997
-97.18855
-50.87793200000001
-87.35426100000001
-96.60003100000002
-136.960901
-110.37152400000001
-108.321415
-54.567035
-76.27212100000001
-121.04575200000001
-123.925402
-88.43261100000001
-86.67413300000001
-185.19368400000002
-96.575359
-65.52581500000001
-96.10826200000001
-95.47039900000001
-123.69157500000001
-184.23288
-131.080736
-83.54179800000001
-70.46790999999999
-97.165816
-63.370380000000004
-47.434435
-55.99355499999999
-95.00136400000001
-100.080536
-109.28083800000002
-98.65539700000001
-114.99731600000001
-96.46295400000001
-52.18109200000001
-99.98184800000001
-75.237301
-95.319605
-148.03916500000003
-88.56968800000001
-101.507056
-93.96654400000001
-108.540968
-89.29528400000001
-86.63712500000001
-104.64271000000001
-53.091170999999996
-97.557516
-93.74699100000001
-99.36533800000001
-85.77832800000002
-110.926911
-94.671344
-150.842861
-116.720724
-84.29012800000001
-226.74724700000002
-88.190324
-163.880298
-95.851701
-102.33078300000001
-135.240812
-93.61185200000001
-131.512763
-156.491137
-116.374492
-67.405715
-93.49944700000002
-92.43093800000001
-90.85694300000002
-181.235684
-123.71624700000001
-138.854518
-110.793153
-173.706127
-79.494127
-198.17983900000002
-75.22690300000001
-67.468776
-48.998032
-109.377031
-98.74174900000001
-119.77058300000002
-117.075416
-132.524849
-72.41087100000001
-88.81585100000001
-98.35004900000001
-84.81890500000002
-76.84830400000001
-278.96464000000003
-233.24060300000002
-108.20901
-67.33363700000001
-136.690066
-136.210633
-134.954322
-126.09317300000001
-98.72747500000001
-96.36620400000001
-112.40609400000001
-87.41206500000001
-99.93250400000001
-59.607261
-94.375837
-121.44132800000001
-111.996801
-120.71573200000002
-59.190889000000006
-95.60553800000001
-90.537321
-114.312047
-123.63183300000001
-96.5019
-179.350527
-122.64635700000001
-93.74699100000001
-155.60573000000002
-152.406458
-112.70812300000001
-96.62276500000002
-113.55846000000001
-192.33862000000002
-157.696166
-105.36636800000001
-114.431531
-121.76095000000001
-84.47461100000001
-108.84687300000002
-53.729034000000006
-61.316395
-85.72898400000001
-88.37286900000001
-109.760271
-153.747183
-45.761752
-93.75932700000001
-147.229155
-89.99620800000001
-43.915541
-110.61768700000002
-96.32975300000001
-85.22487900000002
-126.21265700000001
-137.563137
-76.45660400000001
-105.73533400000001
-151.487919
-183.510603
-42.072649
-107.34827500000002
-151.06960899999999
-122.31439900000001
-119.435306
-56.840573
-102.29377500000001
-99.96951200000001
-120.494241
-106.45053200000001
-143.984415
-53.595833000000006
-57.542877999999995
-94.59539000000001
-91.04336400000001
-55.794798
-94.05427700000001
-97.26588500000001
-129.25018
-85.36001800000001
-136.67773
-94.86622500000001
-185.74713300000002
-129.264454
-154.017461
-95.737915
-113.151105
-49.547605000000004
-149.24419400000002
-180.076123
-138.694707
-68.77249300000001
-53.644619999999996
-46.610151
-77.466752
-54.88665699999999
-102.636131
-79.98589600000001
-178.642524
-86.589719
-37.496201
-75.694
-69.85278100000001
-122.59895100000001
-68.401589
-160.621284
-121.748614
-43.97722100000001
-80.92064700000002
-41.791416
-98.11428400000001
-130.850785
-155.60573000000002
-71.48845600000001
-170.102819
-160.377059
-121.94349500000001
-92.41915900000001
-87.67194500000001
-44.382638
-166.39944200000002
-70.947343
-114.653022
-188.979537
-114.039831
-80.76083600000001
-90.943295
-146.72505
-112.30934400000001
-72.28613000000001
-68.25273299999999
-116.20234500000001
-72.865632
-157.021852
-204.132082
-178.487854
-104.76551300000001
-125.33958600000001
-148.780416
-87.37699500000001
-111.93512100000001
-137.77423000000002
-79.67861
-107.854318
-172.217927
-170.412043
-125.13043100000002
-124.63866200000001
-209.35485300000002
-57.455144999999995
-106.96697300000001
-84.227067
-198.095425
-93.181206
-135.557115
-126.532279
-100.23133000000001
-162.62786300000002
-112.59903700000001
-54.71257200000001
-133.088696
-130.908589
-103.80470900000002
-86.45458
-108.20707200000001
-123.38235100000001
-84.53435300000001
-94.30044000000001
-151.508715
-99.477743
-109.56013300000001
-108.79045
-90.53594000000001
-70.11072300000001
-89.46936900000001
-48.026273
-93.41835200000001
-110.34685200000001
-40.301835000000004
-32.331234
-211.447227
-154.21428
-56.09168600000001
-96.921591
-105.17342500000001
-110.11358200000001
-107.81399100000002
-83.32030700000001
-154.34941899999998
-192.27694
-93.71054
-73.39440900000001
-118.21738400000001
-46.12032
-71.648267
-133.088696
-163.797822
-104.99934
-137.427998
-86.76186600000001
-111.125111
-137.403326
-174.839078
-152.680612
-94.126355
-81.67091500000001
-56.840016000000006
-106.807162
-199.690773
-133.701887
-98.63266300000001
-120.00247200000001
-129.814027
-143.727854
-161.543699
-89.72399200000001
-186.273972
-139.23582
-165.245138
-97.70692900000002
-165.250395
-62.425231000000004
-105.40337600000001
-91.95150500000001
-177.862884
-104.10159700000001
-172.008772
-111.53302300000001
-52.589004
-74.451963
-130.061571
-60.406316000000004
-172.85910900000002
-139.383295
-112.29368900000001
-85.177473
-104.814857
-131.721918
-110.69308400000001
-166.689251
-210.402009
-103.448079
-90.56199300000002
-64.157656
-144.23903800000002
-169.54937
-102.18330800000001
-193.08695
-46.487348
-220.071346
-120.37143800000001
-37.287046000000004
-142.76705
-177.86620299999998
-176.118123
-101.75266200000002
-128.856542
-83.36771300000001
-101.32063500000001
-40.486318000000004
-59.141545
-135.716926
-101.97415300000002
-117.27223500000001
-151.735463
-103.90284000000001
-126.03149300000001
-117.541132
-87.696617
-93.379963
-112.107268
-88.47487600000001
-118.74616100000001
-96.01151200000001
-59.904149
-93.20394
-53.041827
-101.00239400000001
-86.34743200000001
-165.763517
-138.341396
-80.254793
-95.763968
-65.328996
-56.694478999999994
-123.56683400000001
-132.630059
-67.602534
-138.550551
-126.28999200000001
-63.755001
-34.02997
-92.51729000000002
-40.043336
-147.735198
-143.218492
-152.443466
-107.89132599999999
-97.47310200000001
-161.75091600000002
-208.870279
-91.77935800000002
-62.041991
-93.144198
-186.347988
-96.148589
-275.074842
-99.15618300000001
-147.930079
-134.280008
-137.672223
-40.336904999999994
-110.85151400000001
-134.500942
-170.248356
-103.683287
-77.63558
-33.501193
-117.813348
-113.952098
-174.69492200000002
-85.052732
-187.55301699999998
-95.091035
-149.346201
-65.831163
-157.585699
-248.731628
-148.132155
-123.89033200000002
-248.983048
-137.343584
-65.37834000000001
-102.871896
-202.311924
-39.908196999999994
-134.759441
-69.299332
-193.271433
-148.692683
-194.503072
-161.850985
-61.07217
-111.16018100000001
-212.041003
-97.610179
-65.831163
-124.87774600000002
-93.58718
-62.695509
-106.548663
-156.25924799999999
-114.224314
-143.724535
-153.708237
-89.77471700000001
-87.25751100000001
-87.98116900000001
-56.669807
-113.91509
-113.91509
-92.273065
-44.05068
-127.270211
-46.647716
-78.032537
-42.673504
-106.73508400000001
-152.583862
-172.439418
-123.28753900000001
-90.57239100000001
-134.218328
-137.600145
-161.07798300000002
-92.01318500000001
-172.021108
-50.840923999999994
-114.49653
-86.55133000000001
-42.857987
-74.41357400000001
-150.58823800000002
-58.832321
-78.619118
-106.09390200000001
-133.320585
-138.55763000000002
-125.39031100000001
-109.12240800000001
-46.487348
-209.432188
-187.730421
-87.120434
-119.044987
-245.54663000000002
-134.083189
-29.047548000000003
-54.173397
-218.07572199999998
-156.93218099999999
-122.80810600000001
-119.21713400000002
-135.218078
-158.45877000000002
-162.91047700000001
-54.861985
-76.20004300000001
-116.85254400000001
-43.69405
-93.80673300000001
-56.520394
-124.603592
-171.125303
-170.05873200000002
-124.663334
-113.177158
-54.150663
-77.42836299999999
-142.064188
-60.111366
-118.22972000000001
-55.475176
-149.441013
-149.08964
-183.029232
-73.28587999999999
-92.035919
-137.519607
-158.235898
-208.429235
-118.66368500000002
-210.659951
-127.78859000000001
-224.385976
-46.118382
-139.792588
-87.89343600000001
-97.520508
-98.23570600000001
-89.946864
-101.09914400000001
-76.51634600000001
-109.71092700000001
-148.852494
-80.79784400000001
-130.395467
-44.726932000000005
-174.06607599999998
-151.36124
-142.65464500000002
-58.512699000000005
-85.665923
-45.366733
-176.854117
-68.538666
-105.32936000000001
-106.75781800000001
-99.145785
-89.938404
-74.05888200000001
-69.70336800000001
-308.87221600000004
-131.147673
-115.281868
-102.19564400000002
-287.706305
-181.715117
-54.542363
-48.454981
-99.22118200000001
-85.472423
-166.220216
-140.012141
-191.49022100000002
-128.784464
-77.97987400000001
-187.565353
-217.142909
-97.139206
-58.477629
-138.10425
-121.03535400000001
-107.214517
-81.990537
-78.13968500000001
-119.46135900000002
-46.202796
-130.6767
-103.84171700000002
-141.18403800000002
-190.096833
-147.90734500000002
-160.217248
-123.127728
-85.150863
-50.865596000000004
-124.88288700000001
-103.56048400000002
-71.26890300000001
-108.30907900000001
-68.081967
-43.095133000000004
-50.482356
-196.950138
-185.959607
-112.27941500000001
-106.57333500000001
-62.841603
-53.212593000000005
-89.504439
-60.37180300000001
-103.99113
-195.41647
-130.970269
-82.19969200000001
-110.18704100000001
-140.075759
-168.616557
-139.4957
-71.72034500000001
-219.78679400000001
-105.67559200000001
-102.82255200000002
-99.514751
-96.981333
-108.55330400000001
-60.96170299999999
-57.223256
-117.311181
-82.56865800000001
-141.48800500000002
-240.653879
-99.98184800000001
-33.833151
-112.03519000000001
-52.536341
-97.401024
-102.59260100000002
-151.66852599999999
-66.149404
-157.633105
-151.217084
-107.226853
-89.75198300000001
-71.14416200000001
-135.56043400000001
-176.80477299999998
-114.07490100000001
-137.243515
-100.49828900000001
-83.83342900000001
-143.12174199999998
-30.291522999999998
-219.43016400000002
-59.817797
-92.40488500000001
-179.73514799999998
-115.858051
-155.672667
-136.936229
-141.066376
-76.653423
-137.798902
-151.046875
-155.27183399999998
-79.44534
-111.27646200000001
-41.174906
-234.800324
-123.726645
-95.763968
-96.51229800000002
-114.062565
-138.475154
-91.422728
-186.746883
-158.90507100000002
-92.72644500000001
-124.55424800000002
-123.621435
-158.077468
-64.88269500000001
-131.100267
-109.63553
-124.37170300000001
-151.91275100000001
-88.826249
-96.5019
-58.180741000000005
-164.16485
-206.528423
-186.453314
-84.34141
-102.34311900000002
-64.687814
-177.61672099999998
-134.158586
-144.156562
-110.520937
-87.571876
-129.756223
-119.85499700000001
-143.223749
-163.623737
-120.71573200000002
-96.12059800000002
-164.23499
-109.575788
-134.183258
-154.435771
-108.764397
-135.44996700000002
-80.270448
-128.958549
-77.723313
-59.276684
-104.31269
-122.08251000000001
-124.027409
-134.685425
-144.623659
-117.15983000000001
-96.40321200000001
-98.370845
-145.140657
-182.80442200000002
-115.62616200000001
-139.492381
-120.63131800000001
-142.666981
-81.377346
-130.6767
-158.85047
-53.347732
-215.81452000000002
-144.490458
-124.76340300000001
-208.07066700000001
-110.53327300000001
-102.687413
-47.397427
-81.63390700000001
-60.248443
-189.847467
-137.317531
-64.47865900000001
-142.039516
-92.687499
-89.172481
-153.49256
-132.00647
-71.40072300000001
-61.060391
-129.791293
-88.09219300000001
-181.615048
-98.93469200000001
-162.873469
-87.89343600000001
-150.16660900000002
-123.47202200000001
-84.485009
-237.63782500000002
-99.83437300000001
-165.501699
-76.36887100000001
-128.703926
-86.76186600000001
-148.300983
-125.142767
-181.086271
-136.934291
-84.14071500000001
-98.73787300000001
-169.094609
-69.729978
-95.63021
-97.622515
-186.88008399999998
-105.45410100000001
-175.87196
-85.89073300000001
-108.186276
-119.274938
-122.491803
-102.465922
-86.79887400000001
-70.05999800000001
-206.060769
-52.230436000000005
-154.201944
-155.581058
-126.37440600000001
-111.45900700000001
-112.19362000000001
-149.24419400000002
-166.01106099999998
-128.737058
-221.065839
-43.706386
-94.23876000000001
-186.99956799999998
-73.909469
-120.76839500000001
-50.557753000000005
-86.529977
-97.90181000000001
-89.14587100000001
-81.30194900000001
-153.14439
-88.125325
-53.126241
-163.978429
-98.99637200000001
-77.526494
-39.758784
-87.95317800000001
-147.131024
-92.06059100000002
-40.756596
-93.94574800000001
-72.742829
-113.20183000000002
-90.62699200000002
-121.98050300000001
-138.736972
-128.53692
-172.918851
-108.17394000000002
-111.48174100000001
-97.56083500000001
-122.09816500000001
-126.532279
-87.04835600000001
-39.73411200000001
-135.228476
-114.02749500000002
-134.093587
-124.43144500000001
-87.98116900000001
-99.83437300000001
-51.14821
-120.332492
-92.61542100000001
-128.586264
-99.39139100000001
-100.118925
-135.50970900000002
-53.988914
-47.397427
-99.61288200000001
-145.505747
-64.44027000000001
-72.201716
-193.496243
-107.95438700000001
-100.04352800000001
-61.467746000000005
-121.87141700000001
-149.30919300000002
-106.18163500000001
-133.972165
-115.489085
-55.083476
-167.069172
-104.68303700000001
-145.435607
-106.35184400000001
-151.593129
-96.095926
-157.755908
-144.625597
-92.40820400000001
-75.569259
-68.15404500000001
-137.921705
-65.191919
-140.555192
-52.771549
-116.76813000000001
-65.019772
-102.871896
-45.80915800000001
-95.357994
-98.309722
-117.052682
-117.00001900000001
-95.16117500000001
-107.11444800000001
-162.648659
-101.92480900000001
-159.516324
-65.854454
-148.31138099999998
-214.66215400000002
-128.512248
-119.436687
-93.033731
-116.54663900000001
-121.03535400000001
-64.61241700000001
-121.72588
-87.327651
-145.730557
-148.176242
-69.199263
-101.50843700000001
-104.054191
-139.315093
-117.28457100000001
-109.58812400000001
-95.28591600000001
-106.09390200000001
-40.73192400000001
-136.043743
-124.57892000000001
-121.58880300000001
-163.31783199999998
-220.45264799999998
-86.77614000000001
-157.47135600000001
-112.314485
-144.537864
-69.61757300000001
-138.74737
-113.49678000000002
-118.366797
-128.670678
-130.68903600000002
-163.695815
-170.006069
-100.74445200000001
-148.964899
-83.95817000000001
-203.813841
-190.595797
-100.01885600000001
-78.32416800000001
-105.44038400000001
-147.598121
-156.85816499999999
-115.66317000000001
-110.53327300000001
-182.857085
-88.28513600000001
-111.57849100000001
-44.997767
-144.450131
-81.48643200000001
-155.45631699999998
-190.711962
-187.837569
-129.719215
-140.614934
-160.63362
-116.23741500000001
-120.27468800000001
-229.67236499999999
-111.295877
-71.685275
-132.252633
-135.33048300000002
-119.53675600000001
-76.55335400000001
