inf
2.345542270631995e-05
0.497623473405838
0.001480446313507855
0.0013907753163948655
0.006195139605551958
0.005188534036278725
0.9428956508636475
0.6294727325439453
0.0018780736718326807
0.19566214084625244
0.00395326130092144
0.1938238888978958
0.776676595211029
0.004913734272122383
1.240835189819336
0.002402594545856118
1.403219223022461
0.3798270523548126
1.3100494146347046
0.0018290000734850764
1.3431564569473267
0.0031193196773529053
0.0023915660567581654
0.7778815627098083
1.3135021924972534
0.1241813376545906
0.0036498846020549536
0.0023240887094289064
0.00300079514272511
