inf
0.019574061036109924
0.024652259424328804
0.11715948581695557
0.0022242662962526083
0.021992497146129608
0.010788762010633945
0.028220895677804947
0.03378205746412277
0.004702385980635881
0.04380924254655838
0.0007559784571640193
0.009597686119377613
0.012729071080684662
0.05069177225232124
0.00017536796804051846
0.007748811971396208
0.02772630751132965
0.06229666620492935
0.14401517808437347
0.050929367542266846
0.08641315251588821
0.01986941695213318
0.012579970061779022
0.004293146543204784
0.07854758203029633
0.10844948142766953
0.002177650108933449
0.036146942526102066
0.02612895704805851
